312 585
832 868
59 898
486 468
530 164
248 738
626 878
545 684
441 774
719 919
570 748
941 723
6 727
268 555
239 489
299 46
605 265
877 145
887 689
207 996
922 421
586 178
425 811
990 3
569 765
690 681
604 161
686 566
628 218
100 947
900 368
233 919
540 293
321 708
694 279
254 20
936 235
943 501
372 916
72 170
489 995
897 553
506 23
538 431
862 124
156 950
998 618
587 450
657 542
945 205
355 211
593 904
459 987
350 164
252 780
847 417
959 575
738 299
10 895
813 935
942 544
745 462
255 488
807 323
843 940
146 713
606 560
409 408
541 327
387 971
419 153
226 166
641 454
128 617
357 866
100 952
526 927
601 775
24 122
365 921
499 584
191 17
95 583
772 582
974 47
382 397
966 708
253 839
210 119
162 771
148 287
877 559
750 992
669 85
719 785
202 224
541 441
671 174
707 304
855 133
563 619
450 270
117 642
901 86
890 658
313 358
736 396
93 243
166 279
930 481
185 171
151 311
348 591
73 881
527 733
50 433
882 419
573 90
571 741
987 955
719 98
645 428
82 640
935 515
852 992
680 494
892 965
435 60
265 361
609 391
196 360
830 76
303 801
152 885
636 828
686 246
551 835
663 775
181 453
972 14
405 31
137 608
359 463
267 492
499 352
63 783
316 358
617 95
219 570
785 843
96 571
197 962
473 428
68 453
637 140
368 510
255 285
999 711
705 524
919 153
268 363
703 391
317 93
325 57
532 623
135 470
689 329
135 588
503 740
23 67
703 755
820 192
513 583
628 973
195 651
793 302
87 924
763 460
271 390
75 567
144 863
376 277
446 316
478 1
483 710
421 52
721 896
261 117
964 776
336 361
53 493
562 603
327 722
27 608
2 366
415 950
876 346
789 998
909 578
799 466
133 239
431 144
353 329
555 746
802 163
510 741
375 727
572 694
198 653
543 766
927 523
957 7
107 750
603 158
553 602
878 101
508 297
677 447
266 450
885 75
939 518
463 489
398 160
170 325
507 345
528 194
370 801
237 57
89 180
665 964
865 773
667 978
644 252
662 552
32 182
429 122
298 775
686 231
248 953
594 353
28 266
795 109
454 753
289 610
736 879
233 598
293 434
214 471
433 221
642 710
230 317
172 195
717 2
811 507
232 985
183 912
564 982
350 640
759 493
646 733
74 263
447 791
337 874
560 613
715 921
728 93
360 334
940 202
906 657
97 923
284 651
147 728
197 999
846 751
196 589
337 388
935 923
591 278
422 636
879 934
272 44
569 935
292 942
289 669
87 374
90 936
936 914
953 529
388 847
280 70
422 564
947 8
247 755
916 58
567 360
597 973
170 216
54 212
51 681
979 386
622 128
852 668
483 996
481 604
944 227
594 690
501 622
509 785
568 150
174 712
248 713
919 277
709 84
572 330
773 62
980 897
869 727
519 362
903 857
189 263
507 688
66 571
136 726
73 224
198 422
89 577
846 294
73 879
469 878
440 44
290 135
692 281
778 482
739 59
125 698
476 490
393 912
349 671
192 341
342 73
356 644
476 844
127 77
834 89
893 76
924 139
565 310
476 552
617 388
811 720
426 569
370 650
626 742
831 264
273 219
311 329
171 824
661 439
553 341
777 55
743 826
526 193
845 819
13 244
355 518
118 272
57 251
376 520
13 523
559 630
909 433
442 663
727 832
953 950
762 677
992 28
494 993
555 133
797 120
625 442
369 882
415 36
308 110
962 692
399 537
772 73
404 57
601 979
154 999
332 268
716 318
889 68
580 453
178 780
943 747
997 28
823 443
596 142
700 440
802 87
588 957
451 824
745 115
582 590
144 255
40 396
494 145
560 432
210 277
201 509
878 266
910 375
781 524
744 36
768 43
58 696
168 258
399 579
300 465
184 780
38 830
753 618
651 377
355 770
449 490
872 205
655 444
879 562
832 662
521 338
455 947
376 73
737 596
186 7
733 701
136 524
105 734
414 375
576 138
868 790
429 937
987 445
724 840
430 103
592 529
500 672
65 385
179 18
399 500
260 497
964 900
139 561
544 486
673 891
33 842
662 464
352 543
270 31
502 733
179 785
762 123
522 473
858 109
597 788
81 283
664 677
31 716
896 948
21 10
590 681
747 479
108 292
905 464
970 123
609 750
679 376
387 641
576 363
523 726
824 995
875 941
289 198
870 499
652 457
970 985
343 191
405 955
497 841
676 376
247 492
454 682
862 688
883 29
824 700
368 138
638 219
249 187
801 378
175 938
747 673
732 132
171 102
749 361
233 176
537 135
746 782
802 416
367 870
367 642
945 228
715 907
909 565
200 560
272 607
141 687
572 544
9 697
176 421
589 848
71 1000
261 688
581 64
640 929
402 733
68 867
711 886
189 557
768 442
242 791
859 857
584 47
791 778
54 157
494 304
484 343
532 22
552 467
956 762
105 278
531 23
559 811
244 443
207 12
184 45
872 784
104 755
178 530
761 494
656 678
564 699
306 839
510 25
837 929
17 700
823 974
997 260
58 371
770 248
805 282
305 875
544 352
287 69
83 169
443 109
135 671
730 728
847 581
573 424
513 402
659 908
386 489
202 851
442 283
77 813
36 956
955 985
395 305
776 653
530 188
157 398
271 192
337 898
955 632
613 538
20 655
219 210
236 221
137 405
767 432
444 802
295 722
154 188
878 9
773 653
74 272
420 582
200 239
476 10
754 338
925 419
73 249
37 328
839 492
512 24
203 53
217 331
506 235
856 380
371 425
618 715
895 935
236 205
363 945
666 169
976 35
348 482
962 926
57 455
167 957
670 489
533 200
519 842
41 186
31 878
891 491
438 629
644 467
310 416
717 185
356 970
640 107
931 522
642 453
448 682
183 891
987 467
717 750
851 273
594 146
92 765
123 536
383 281
174 517
815 696
112 670
489 52
898 893
666 545
628 11
571 10
200 726
901 953
449 903
236 1000
525 59
170 862
316 638
842 15
123 616
949 631
284 430
486 478
759 2
406 299
736 644
861 300
784 721
368 197
1 206
69 261
315 957
85 223
559 348
791 42
826 28
664 146
871 614
270 840
303 31
424 561
751 827
600 494
535 622
292 236
791 865
363 554
481 810
286 129
960 922
437 433
570 505
246 838
265 345
230 641
308 999
420 755
722 991
712 855
179 466
393 401
519 592
557 58
513 855
189 240
369 692
414 385
817 506
399 157
563 157
920 482
580 738
850 256
546 603
186 860
987 356
158 163
763 373
111 222
536 565
565 604
942 94
410 495
669 792
999 340
443 956
710 113
684 374
665 612
769 569
598 479
746 106
308 957
155 981
114 438
238 623
881 589
292 834
765 226
386 138
427 399
883 776
378 212
761 47
312 793
59 33
653 240
836 990
790 479
125 615
354 693
734 878
924 660
678 59
668 363
880 112
343 172
395 657
422 888
860 945
249 985
440 606
411 126
324 135
790 190
90 105
869 860
629 644
576 627
509 194
412 610
64 111
964 237
320 156
435 236
110 551
515 658
312 495
824 356
766 127
855 499
394 466
340 476
36 884
425 446
101 114
137 382
107 319
518 108
395 856
66 292
969 104
203 695
493 403
967 755
495 105
970 346
795 484
586 391
67 404
139 995
637 883
256 246
599 542
591 196
492 882
366 78
526 222
445 787
629 934
650 123
973 777
822 587
129 748
645 118
622 685
279 27
74 722
36 183
424 826
34 267
366 422
47 691
983 678
332 838
13 150
588 816
324 699
5 935
182 102
767 998
115 640
993 571
79 232
704 527
8 520
388 84
992 199
696 646
28 252
120 209
582 340
485 764
557 692
935 354
292 979
110 934
637 36
552 288
772 278
530 907
587 696
473 644
626 437
557 486
759 199
618 599
222 584
634 824
220 33
253 807
659 447
868 116
475 170
479 902
765 696
862 914
621 353
697 220
41 390
109 838
96 437
523 94
60 632
273 130
692 380
473 179
80 717
656 932
308 714
282 76
133 133
848 66
821 868
711 470
61 682
486 736
261 697
939 571
195 684
23 474
322 992
699 429
463 156
532 501
65 44
753 959
261 39
328 991
823 356
917 655
762 224
383 634
296 471
234 448
358 627
650 333
478 113
391 519
547 939
260 404
121 614
349 981
323 604
391 551
718 747
333 117
712 740
739 856
729 668
980 999
469 951
877 31
570 10
356 766
352 603
941 300
616 75
552 5
757 489
49 724
143 539
849 355
122 396
146 931
452 701
585 401
698 883
135 691
851 758
962 595
854 20
26 565
922 680
887 249
441 956
362 979
133 940
393 655
686 831
855 37
928 121
254 696
253 251
982 420
527 950
257 492
321 883
833 356
928 378
700 178
367 925
263 568
202 64
411 823
873 680
837 534
822 900
387 372
40 881
200 126
307 397
287 779
931 226
829 442
121 558
543 22
371 169
606 334
872 464
460 973
977 842
398 633
331 52
671 14
458 40
362 809
950 136
354 370
685 646
817 241
386 244
124 674
819 819
905 755
626 408
714 150
686 96
951 115
91 980
276 922
907 436
504 462
875 277
440 740
656 301
667 15
465 976
261 732
412 735
537 683
941 849
644 856
581 196
117 406
595 169
295 402
722 482
969 820
955 139
394 967
313 225
25 8
428 153
720 56
550 979
821 442
151 291
147 710
489 53
117 878
361 925
510 246
254 216
23 594
110 649
616 954
503 798
452 216
855 301
647 702
510 362
207 7
786 584
207 204
744 831
483 135
30 538
213 62
945 274
39 169
951 903
219 726
922 282
963 874
178 252
589 810
598 815
867 720
293 419
613 801
389 419
197 659
621 751
808 178
837 252
634 747
463 815
576 111
465 896
198 24
929 383
685 782
893 530
574 572
895 504
85 84
806 265
152 232
497 312
124 597
599 256
259 542
726 780
692 779
306 383
528 907
498 99
791 433
604 15
717 764
327 232
752 350
495 300
817 369
563 942
342 663
341 944
341 745
176 413
446 997
848 776
57 397
459 313
282 505
928 355
496 946
761 585
569 321
595 666
643 781
967 163
947 719
81 77
644 159
582 595
639 917
128 733
492 352
866 328
615 836
150 979
930 307
484 709
634 817
200 808
309 810
576 718
866 623
451 253
273 812
162 243
198 346
976 635
222 600
623 46
403 199
647 283
618 712
442 707
925 586
116 408
469 676
410 231
962 565
30 109
453 798
735 407
830 777
881 843
100 595
539 488
282 1000
83 382
182 536
535 274
932 278
286 988
867 681
857 27
638 797
400 217
881 86
486 722
769 247
754 952
66 342
390 91
184 964
558 295
647 870
244 568
851 111
40 312
901 734
809 594
475 544
146 468
488 589
538 636
53 830
402 113
911 852
281 716
629 218
209 597
698 81
83 582
248 25
791 728
497 52
542 72
631 615
816 352
941 219
929 886
995 515
417 70
190 465
407 976
560 54
46 68
911 145
929 268
896 965
134 151
328 848
798 603
608 28
330 138
112 802
274 722
377 393
997 621
459 584
442 767
360 392
343 637
873 596
825 304
252 874
830 953
974 98
293 517
283 611
856 216
471 924
768 191
555 112
540 71
942 777
125 298
416 46
97 248
537 697
561 367
305 962
946 846
55 912
667 967
859 278
912 816
241 919
279 892
31 399
537 850
131 22
568 874
946 383
26 812
569 34
882 381
826 46
13 62
133 776
607 249
339 190
755 540
240 80
503 276
87 922
582 79
974 40
146 914
731 815
734 595
156 716
789 321
875 410
182 896
533 505
634 137
637 408
698 593
865 511
917 29
166 573
681 733
752 365
839 487
170 104
238 964
154 537
698 89
838 671
593 165
984 183
371 210
523 686
633 877
976 757
298 44
870 72
453 540
772 125
498 763
62 382
253 492
949 530
509 898
60 914
360 1
513 553
578 746
784 349
21 771
446 211
162 19
724 296
32 605
858 889
173 797
584 428
188 435
54 208
863 358
972 166
640 717
328 766
985 54
183 596
30 812
259 346
601 142
298 394
114 157
948 510
813 114
767 575
385 600
829 359
868 109
762 748
242 330
867 194
922 847
489 469
497 39
951 18
128 716
154 635
672 432
660 157
907 247
839 296
111 890
302 611
2 121
986 896
553 611
916 44
58 777
982 349
195 644
657 678
525 649
570 483
933 200
442 720
28 773
980 394
965 657
540 642
304 339
747 293
27 861
767 527
492 133
732 735
90 433
942 14
509 266
395 543
992 361
73 719
834 141
746 160
241 153
692 19
999 36
39 25
844 89
674 347
941 867
545 774
190 450
889 440
409 953
260 177
269 857
210 852
564 810
516 991
817 383
661 239
673 220
835 725
589 977
74 961
943 503
973 980
294 684
30 745
376 664
800 138
185 878
615 222
584 766
645 289
403 494
104 235
874 509
170 189
181 424
234 446
810 991
759 296
93 741
298 521
957 164
468 551
770 813
765 593
8 139
379 641
163 773
34 648
906 849
234 37
404 407
926 723
201 313
505 118
665 20
77 72
710 162
513 964
827 725
556 945
706 415
831 525
738 553
866 430
347 146
739 940
771 934
639 802
874 86
779 327
8 65
506 670
54 575
841 758
914 311
74 28
203 999
290 509
931 353
418 506
348 321
954 362
24 411
391 185
798 511
408 521
916 560
52 647
980 508
872 186
721 332
318 539
802 627
347 737
147 33
830 303
864 978
854 323
971 198
948 368
564 546
706 131
911 53
67 153
3 11
369 411
80 578
532 873
263 118
355 36
804 482
642 28
38 632
24 985
578 155
226 316
427 245
994 903
864 552
449 635
914 359
269 317
171 142
117 461
633 459
773 225
254 473
597 255
592 432
682 801
194 57
900 517
664 82
454 171
974 39
344 425
41 862
83 184
558 632
711 265
64 565
866 792
729 401
59 305
49 65
642 997
781 925
279 863
708 430
292 604
940 35
170 896
712 157
264 198
620 289
604 239
333 63
22 212
778 54
179 596
757 420
288 510
985 793
727 484
25 525
886 542
83 855
327 171
564 22
161 209
82 191
812 516
417 400
938 532
64 622
971 102
937 888
746 696
758 768
397 317
752 931
942 220
265 247
109 619
209 343
967 108
298 38
359 472
462 404
532 330
823 78
691 323
704 161
258 343
824 149
955 510
115 617
666 667
98 865
777 283
619 743
631 373
387 44
588 883
135 513
567 179
751 219
524 861
429 188
246 857
161 133
570 910
379 845
393 441
240 816
517 962
550 781
764 852
176 959
384 174
998 762
416 206
195 253
291 255
874 787
605 648
95 868
988 147
511 712
257 929
793 682
507 329
904 357
102 974
417 327
133 24
619 449
454 239
751 814
83 399
377 222
336 452
245 630
850 33
76 981
705 829
164 862
91 957
388 362
449 866
757 162
779 243
901 657
700 536
960 435
714 289
56 677
237 1000
456 531
362 452
600 743
119 839
459 211
1000 47
726 472
926 957
917 282
91 726
210 53
415 343
757 783
757 8
975 286
252 296
82 647
501 40
786 468
661 670
578 966
13 573
204 903
846 30
17 472
706 508
515 700
897 705
817 785
418 202
643 904
952 61
830 559
225 109
610 353
644 602
908 793
859 843
459 259
320 561
398 646
992 449
717 141
676 952
334 943
105 438
886 509
562 910
937 592
100 149
75 446
11 127
543 388
465 539
638 384
350 234
280 211
151 919
829 650
961 27
474 759
709 874
366 433
432 500
645 270
936 981
451 759
453 700
476 963
991 675
331 899
728 126
731 661
744 30
67 306
684 398
291 915
594 422
902 803
609 175
627 816
396 145
174 912
845 182
737 318
423 470
589 502
373 595
299 576
741 371
440 149
281 154
69 61
714 466
713 202
73 347
305 872
516 737
807 852
329 549
728 430
716 611
935 617
264 512
326 700
800 186
870 966
910 795
277 620
556 98
885 492
441 335
267 98
959 420
912 689
485 668
927 620
819 107
503 917
340 18
545 60
142 527
612 560
159 687
938 447
563 889
582 698
976 302
607 82
474 792
807 235
937 68
608 593
886 260
722 455
427 504
502 98
748 952
467 521
60 606
300 987
309 193
574 288
749 695
431 265
274 421
174 276
81 546
605 25
412 153
982 201
363 11
467 452
168 128
122 325
932 492
195 491
399 674
766 625
982 76
880 874
759 557
109 921
586 961
516 602
808 794
662 302
977 503
714 706
855 573
803 743
350 776
57 321
637 536
973 378
837 57
192 380
559 268
460 698
17 99
308 51
123 754
197 635
818 379
557 67
523 170
343 970
882 561
805 157
400 831
249 307
566 317
386 146
280 748
109 820
796 564
868 86
150 750
725 189
924 442
386 35
815 106
981 979
786 601
896 606
985 336
614 400
274 398
965 439
164 283
965 291
827 989
362 198
895 992
836 55
540 787
266 312
579 73
658 9
453 956
968 641
729 707
689 716
540 829
245 519
477 857
774 234
535 137
648 651
291 846
519 980
601 468
457 787
291 911
766 187
353 173
482 654
360 902
7 579
38 586
432 872
164 113
997 652
814 476
470 319
986 150
718 240
830 597
414 177
991 423
190 638
26 135
431 635
973 320
766 735
199 589
825 448
495 99
601 211
425 104
372 133
643 313
9 336
631 481
869 441
180 380
740 108
470 941
530 616
644 596
992 334
823 737
166 434
298 555
291 810
797 821
749 290
14 167
35 131
275 917
425 155
422 891
341 785
354 116
552 685
118 694
987 190
209 326
531 203
539 998
592 704
952 870
820 126
262 39
164 458
136 910
164 906
847 206
695 878
76 393
771 776
997 686
916 2
619 595
571 717
606 751
22 167
502 439
356 344
177 156
78 348
199 786
147 364
107 6
108 351
339 825
334 3
354 160
933 392
848 255
71 103
326 329
357 871
686 149
553 866
724 400
10 185
255 703
843 416
570 459
970 539
477 595
997 457
6 567
734 544
377 962
93 547
174 156
960 238
192 523
905 552
527 240
253 145
7 933
54 284
926 924
274 483
647 629
333 331
206 318
21 862
795 401
44 949
504 75
134 867
544 846
920 292
724 398
92 868
439 310
721 171
212 534
27 98
662 635
985 413
834 311
855 507
343 333
769 142
128 762
550 156
534 784
686 803
44 974
192 308
262 395
452 614
915 688
944 840
162 159
732 792
634 696
715 6
574 870
408 266
924 302
606 757
634 492
503 645
960 895
812 870
923 354
669 211
442 657
667 827
192 87
433 616
669 94
747 651
59 889
630 157
46 392
379 743
577 833
846 220
230 445
523 612
632 3
535 955
999 438
182 509
748 267
88 630
846 833
356 57
969 753
403 337
854 945
484 500
524 959
630 614
990 808
937 292
982 121
13 319
799 535
749 82
861 962
269 713
578 254
360 299
326 261
571 281
105 904
783 747
67 544
828 451
122 40
43 599
293 545
268 8
671 137
911 1000
379 198
365 580
362 924
735 532
98 56
335 641
528 850
282 48
781 545
792 373
197 225
916 290
600 53
931 838
6 344
951 808
273 670
595 886
583 760
240 445
373 209
15 611
584 486
796 317
498 40
682 890
353 85
660 713
254 68
168 779
702 316
768 971
911 844
964 867
220 726
359 55
527 750
452 407
462 50
564 234
979 184
690 693
761 768
350 575
882 983
442 755
71 499
44 575
851 39
429 12
208 189
895 281
209 451
637 692
554 65
661 43
188 262
586 418
661 229
811 205
728 212
326 195
608 760
732 810
18 16
575 741
546 969
62 842
134 647
643 452
458 693
967 356
736 207
621 98
279 185
210 545
791 883
721 194
543 513
139 78
106 277
271 680
516 169
241 839
735 599
514 216
605 859
734 559
58 551
300 412
155 47
505 400
698 267
970 440
615 576
84 857
426 741
915 211
111 621
506 737
751 121
257 260
119 43
177 779
129 999
359 423
596 348
784 395
470 875
113 262
673 479
727 317
948 21
285 23
334 705
428 991
878 717
508 824
341 348
835 708
265 244
390 939
927 441
741 324
967 332
254 963
831 598
810 69
230 945
854 895
847 106
687 405
963 307
634 394
601 652
251 92
636 583
18 428
86 825
85 798
256 391
570 20
32 929
622 730
109 976
225 891
165 5
842 220
668 456
768 270
662 170
336 970
231 367
733 934
699 185
631 71
736 692
731 111
665 706
113 201
142 917
250 337
58 664
393 917
799 537
519 405
702 359
586 649
737 519
848 437
415 931
450 802
509 285
401 83
574 842
77 504
39 422
157 747
65 893
380 889
273 827
375 784
432 762
902 763
720 15
938 804
907 857
268 495
609 209
226 957
475 998
430 677
687 606
517 907
303 273
437 256
930 81
430 367
755 284
425 762
185 353
92 300
683 285
526 26
713 197
379 473
57 820
269 829
751 911
936 27
924 214
154 557
420 658
484 768
14 338
932 922
138 73
53 430
878 846
459 48
903 572
427 526
711 616
605 236
366 81
745 635
761 203
118 453
927 311
894 928
651 743
970 406
205 642
833 745
613 130
861 907
219 128
924 940
707 723
331 931
322 775
507 689
116 50
738 604
196 2
248 286
925 693
370 541
83 719
238 487
690 17
182 577
257 710
539 933
348 320
926 659
851 326
218 286
715 745
472 395
925 227
292 369
979 200
434 585
805 40
130 382
348 643
28 887
383 163
835 601
722 401
368 748
249 621
301 519
646 409
438 81
788 471
552 373
556 688
100 598
844 71
539 300
720 897
241 181
865 872
967 333
711 376
591 904
578 422
560 523
784 132
95 7
144 349
890 927
243 743
231 939
595 537
754 344
994 736
601 99
261 347
322 46
774 900
485 398
755 993
317 969
575 55
405 173
225 460
505 600
21 259
281 985
786 365
907 741
376 190
165 840
429 432
279 843
32 425
636 528
594 667
606 191
674 528
384 513
763 296
884 83
296 862
453 1
754 288
349 732
758 722
14 982
932 898
127 375
601 91
828 997
235 775
337 830
61 979
939 347
304 630
96 606
520 40
625 507
509 96
215 89
685 588
575 220
929 816
785 796
278 711
971 909
543 596
494 106
92 635
865 242
400 21
292 989
814 195
698 748
395 337
258 418
755 360
784 914
713 928
741 309
76 452
457 933
680 628
937 775
506 125
45 496
587 73
590 650
201 883
632 820
267 881
647 184
226 596
221 549
13 91
989 572
706 11
798 574
445 777
726 30
879 705
701 473
672 802
857 145
239 115
209 434
814 866
225 373
66 210
834 438
446 745
999 216
854 496
783 875
870 129
330 223
832 815
355 607
87 274
267 929
657 98
491 896
674 522
58 526
379 610
273 907
695 254
569 497
88 699
896 733
230 967
864 710
203 560
458 557
963 636
184 268
92 53
974 667
376 688
581 10
674 699
823 135
961 221
139 668
54 970
408 882
257 823
312 66
684 384
761 55
812 909
226 200
584 610
249 67
223 65
707 999
143 957
737 380
624 199
331 655
359 253
575 811
403 19
39 56
797 400
515 679
773 174
784 520
391 772
660 292
12 679
669 177
415 310
460 223
626 273
754 163
937 351
87 35
774 569
208 698
293 864
450 840
967 134
690 329
763 451
196 483
619 148
90 945
23 944
61 868
571 901
932 260
897 538
256 722
63 979
968 360
907 430
842 497
854 832
160 490
852 257
515 891
806 195
687 276
620 990
55 913
275 376
952 594
767 904
557 302
564 707
156 588
190 754
521 74
911 332
501 164
35 536
310 205
861 872
750 572
214 355
239 763
253 572
427 687
167 379
230 892
551 906
615 428
435 411
64 131
515 285
421 237
148 19
873 670
611 366
212 248
482 108
385 54
877 545
948 791
26 996
750 593
913 34
275 530
751 986
250 485
357 625
481 262
296 205
204 989
11 841
893 387
784 905
807 862
137 471
962 467
225 160
284 932
118 419
618 95
437 920
510 761
67 199
466 531
75 234
690 596
737 310
582 327
951 943
51 264
248 507
490 664
873 786
610 475
70 190
919 566
196 745
797 983
968 148
910 306
734 307
769 228
911 656
150 611
403 720
168 235
81 382
434 80
935 263
664 176
378 309
902 787
949 853
178 962
944 333
886 466
444 858
540 3
792 740
335 280
230 809
989 231
839 885
585 666
559 784
596 642
890 355
243 444
876 999
989 404
998 476
700 351
212 951
118 807
816 624
858 455
266 295
66 997
489 712
995 891
8 281
87 116
333 633
165 835
914 401
1000 596
369 958
162 435
785 367
278 788
295 583
404 303
869 715
272 590
876 229
475 585
784 82
16 545
463 399
738 596
208 450
350 879
793 153
224 976
53 376
664 767
907 185
70 675
749 70
642 440
524 46
177 384
460 459
946 22
134 253
441 924
990 684
167 305
344 88
221 602
627 867
526 895
336 231
470 586
783 997
986 812
95 144
166 678
342 568
502 152
847 932
300 145
216 85
642 133
511 645
846 995
761 984
959 944
953 238
807 18
735 287
27 324
669 531
108 123
333 462
383 533
865 851
330 715
85 123
908 811
847 877
698 156
375 631
692 785
482 169
804 305
548 693
776 126
928 283
921 73
619 420
894 822
308 395
113 739
623 625
105 646
661 68
135 477
538 804
254 382
290 548
646 57
124 369
305 334
643 566
712 376
191 128
591 974
943 36
426 255
286 863
527 164
408 224
520 257
771 347
948 295
98 32
541 399
285 558
655 775
561 809
967 977
380 72
97 613
800 988
745 190
55 687
232 413
115 566
776 605
913 397
542 539
612 860
487 890
48 108
756 103
631 873
284 688
360 291
217 123
267 767
498 704
768 59
927 879
582 882
526 490
402 707
803 437
216 376
679 420
592 794
714 55
609 598
355 588
68 674
675 261
541 41
945 469
859 180
652 574
221 350
960 54
389 3
751 63
561 876
227 292
285 515
212 932
113 891
363 455
3 683
686 630
63 123
642 53
101 159
70 984
138 996
957 524
902 990
250 999
188 745
886 726
836 242
872 663
299 885
827 237
198 604
752 898
39 260
109 51
121 892
427 777
315 119
139 615
341 322
783 612
246 834
756 354
961 329
746 666
506 432
94 480
990 815
72 731
193 578
877 704
270 547
381 492
73 468
835 664
356 784
337 624
214 805
408 625
435 427
173 537
593 903
97 579
794 89
190 469
671 276
74 622
89 477
534 182
126 22
997 977
99 593
935 144
667 143
958 501
117 954
638 370
584 460
281 874
238 560
119 68
705 280
82 662
814 579
40 779
767 342
911 597
793 378
864 92
611 643
399 482
883 332
625 835
255 403
344 315
419 892
931 669
175 454
520 67
297 847
92 616
687 837
254 649
555 251
472 521
442 356
336 740
141 206
780 868
517 176
272 351
581 676
781 394
44 762
704 69
863 851
611 232
92 11
148 51
177 405
395 246
59 289
625 829
530 500
632 751
420 747
581 43
800 746
905 986
578 157
485 899
844 804
667 205
431 307
99 366
790 118
318 948
411 499
930 61
641 809
598 506
726 647
358 891
833 527
688 655
576 912
652 583
765 519
187 193
539 906
9 91
342 9
36 214
481 963
962 387
847 252
636 516
223 811
17 275
229 959
89 32
52 515
509 17
767 655
659 709
229 175
791 79
586 979
544 248
203 308
196 259
938 261
220 932
999 610
124 379
728 914
835 450
170 826
653 200
764 18
695 792
20 430
894 748
983 374
206 218
533 395
893 867
538 501
542 711
230 269
301 297
915 801
935 301
397 509
973 616
378 543
109 367
699 14
648 155
906 214
754 379
194 227
859 333
815 886
429 443
682 114
34 939
244 470
214 926
37 861
808 110
457 631
544 204
825 530
8 498
536 870
67 536
183 520
198 66
910 588
129 742
544 282
835 164
177 548
494 425
904 802
315 842
420 735
428 649
561 61
190 643
165 341
82 242
159 200
31 679
159 571
434 499
359 386
291 571
556 868
641 124
607 39
342 562
485 679
166 340
433 408
839 284
52 12
341 701
883 347
661 238
567 979
106 739
915 565
704 413
210 349
91 388
989 364
973 404
416 98
794 977
95 796
231 72
226 421
30 682
155 338
645 70
577 289
129 949
758 888
176 457
840 955
129 163
283 204
317 128
26 226
823 506
202 640
585 304
867 540
547 487
34 127
327 192
641 28
526 802
824 782
234 865
694 798
646 459
351 630
144 434
668 734
412 355
402 604
762 111
393 140
801 746
901 397
421 588
162 209
146 663
425 467
790 381
100 408
208 416
289 915
642 481
971 638
626 199
3 147
790 464
944 900
81 876
844 973
131 17
538 376
738 119
683 465
314 813
641 960
416 61
693 411
177 328
815 660
505 732
295 661
280 368
849 550
549 712
9 97
216 145
619 966
233 729
743 137
825 71
374 813
563 663
237 362
788 85
316 376
896 117
495 145
554 165
981 608
933 853
800 14
661 192
997 382
235 402
837 828
740 115
772 854
414 412
277 144
59 56
867 116
682 528
407 796
819 127
552 34
430 462
89 867
541 240
231 369
75 213
914 154
169 528
607 179
107 257
737 123
880 801
712 153
530 986
110 718
587 674
653 214
803 210
154 89
69 738
29 890
774 644
853 468
672 448
133 351
280 860
457 810
58 36
281 467
489 72
705 832
721 535
638 880
803 17
214 426
759 668
145 122
950 736
107 185
785 4
445 94
340 596
762 484
712 259
469 950
695 948
345 127
96 37
114 880
205 746
466 540
6 302
440 5
931 641
599 75
331 477
384 233
708 645
87 119
995 101
96 731
780 534
317 515
600 639
759 863
998 52
959 966
267 709
699 605
48 619
34 85
945 399
917 915
332 371
88 452
991 578
883 774
396 330
594 834
124 915
755 995
176 797
654 989
350 838
811 494
596 37
859 968
914 355
113 97
584 65
17 150
540 850
173 113
564 868
494 628
348 157
251 240
771 467
838 970
487 915
703 484
93 461
875 331
705 202
128 185
151 190
848 960
799 745
704 359
728 593
523 559
819 737
40 275
325 909
275 524
123 849
69 212
263 204
936 198
298 510
664 348
339 918
544 269
462 359
417 41
516 328
506 788
60 322
63 772
164 774
303 236
209 205
139 865
55 316
276 159
369 371
266 38
758 663
398 690
796 443
463 314
858 752
49 162
429 536
924 306
583 275
864 69
589 748
536 214
694 705
665 140
821 999
237 144
158 330
769 1
537 619
145 482
287 985
240 418
16 706
340 823
412 700
216 266
1 561
947 810
584 957
869 178
877 572
171 122
571 304
247 253
600 254
287 274
678 295
828 258
436 519
165 307
990 830
207 822
462 644
335 15
870 849
557 710
931 904
280 835
665 63
109 724
783 245
683 229
53 200
768 428
390 424
610 865
547 941
684 462
130 833
162 88
227 797
839 27
537 106
207 340
382 522
869 919
947 342
494 401
680 264
326 211
37 379
447 866
51 919
65 521
999 704
778 768
724 7
351 475
301 997
967 122
127 57
640 997
233 603
968 826
497 242
811 519
917 765
300 652
829 842
922 313
69 890
182 453
115 822
986 531
660 166
585 44
371 225
740 130
430 830
920 644
3 789
459 343
259 165
781 875
817 74
190 872
14 379
243 578
718 944
429 716
314 805
269 731
282 447
735 676
81 579
114 352
564 852
437 894
909 75
770 758
448 13
817 1
573 41
324 298
248 422
774 211
333 280
962 284
665 277
63 453
9 868
239 831
814 310
85 36
540 16
541 305
136 237
854 658
534 52
562 266
949 203
623 394
700 633
703 244
298 461
993 56
758 667
443 935
984 278
413 210
556 29
643 580
982 394
576 825
117 799
172 583
362 204
239 281
677 334
440 563
527 487
7 218
796 105
521 223
49 415
98 29
285 678
166 40
934 307
894 252
994 821
318 971
823 546
933 810
201 457
674 747
458 978
859 730
733 487
379 195
613 79
605 85
496 707
589 266
951 170
902 602
145 589
114 310
658 155
534 197
600 630
865 391
672 956
284 286
116 670
408 225
552 624
362 384
112 344
597 309
74 687
510 378
737 690
64 975
859 354
517 569
267 333
415 746
339 508
501 520
856 7
358 686
873 675
507 342
466 452
253 889
148 387
463 202
269 512
242 573
228 582
283 225
970 516
78 303
791 633
239 12
858 642
229 428
675 266
859 704
626 187
269 725
495 792
275 199
109 686
899 471
617 470
509 774
400 829
426 596
542 965
413 442
413 485
86 896
26 95
14 63
726 890
68 302
634 412
542 289
5 516
424 463
699 366
804 801
971 606
810 559
822 90
313 346
688 580
281 455
611 956
471 425
614 849
657 551
904 522
123 93
197 929
17 890
211 998
945 497
547 74
876 622
998 863
282 592
647 273
478 971
516 488
901 782
88 47
869 835
197 934
793 34
161 57
212 872
651 801
922 3
804 869
785 373
744 89
690 175
839 9
230 555
525 305
539 613
810 644
782 629
545 755
644 14
847 346
525 9
225 456
823 56
955 176
328 702
823 324
572 852
384 976
5 376
331 586
519 355
492 679
942 270
975 161
927 806
941 666
55 3
184 891
105 170
300 806
922 305
34 678
791 900
158 995
183 102
26 674
718 665
328 166
548 999
367 389
289 88
75 995
95 124
186 392
177 95
14 702
974 112
847 757
664 859
614 686
978 44
162 60
64 549
425 56
916 277
291 631
469 52
69 791
640 513
832 122
504 535
638 717
780 659
186 914
659 637
37 378
956 289
417 970
416 896
496 842
407 156
181 256
589 724
262 632
224 555
875 353
856 566
572 660
216 703
818 332
571 297
796 774
493 855
608 236
77 835
435 882
320 62
816 982
592 309
21 90
635 965
796 533
594 453
375 638
192 685
35 719
781 67
908 571
874 452
398 233
40 70
447 272
385 657
106 446
430 259
605 190
362 650
258 704
457 612
817 349
66 296
593 262
524 853
484 477
328 326
582 737
767 951
197 762
477 787
320 93
181 61
333 724
425 734
244 90
329 716
372 589
263 281
969 687
496 919
398 401
742 616
17 831
481 804
594 78
563 694
691 189
485 230
838 972
237 733
626 910
198 168
253 811
329 617
496 790
463 163
669 582
343 598
109 459
661 507
17 971
888 706
692 219
140 563
124 828
780 409
588 538
496 991
597 736
773 243
370 330
628 733
571 95
165 920
266 549
333 526
765 877
791 182
426 995
298 605
736 828
561 745
801 415
466 706
610 45
92 494
290 504
463 189
202 461
624 983
985 868
43 800
536 36
507 601
197 677
388 974
239 575
17 156
498 192
30 600
597 652
842 383
840 840
893 349
976 192
530 955
71 875
60 830
528 477
872 203
625 157
291 473
254 814
73 66
546 526
874 677
930 785
571 809
850 58
986 362
824 733
599 693
687 400
653 983
6 33
235 168
465 654
332 733
24 882
240 256
456 563
996 768
343 110
442 300
662 803
555 158
38 917
621 300
508 366
899 671
937 971
748 788
175 992
549 166
75 477
972 119
635 54
275 529
513 830
980 133
901 44
987 621
746 921
797 913
881 302
716 740
136 201
613 845
448 417
54 442
535 449
536 790
885 813
961 433
25 534
452 990
896 66
485 363
312 612
430 688
227 467
57 178
240 328
296 151
267 243
620 426
852 348
175 411
411 746
133 270
182 755
599 945
416 313
201 662
909 984
356 45
557 794
563 878
726 177
893 863
535 159
859 918
920 105
796 720
311 37
980 4
379 883
886 753
663 795
951 88
171 262
377 103
458 392
477 916
394 292
640 921
169 160
221 614
957 683
30 257
130 894
827 646
360 234
771 505
67 292
18 739
736 837
460 815
597 480
921 350
795 416
753 357
334 145
698 406
208 180
272 417
540 418
961 762
885 809
733 517
405 549
127 545
701 956
655 482
860 885
764 987
922 124
540 744
667 518
851 238
632 357
500 218
639 866
868 691
883 530
658 166
565 416
978 474
543 26
465 701
330 216
159 370
233 352
753 271
59 658
69 65
463 697
733 975
300 891
238 512
854 431
406 202
634 414
990 788
991 700
29 894
699 711
565 495
553 405
62 539
579 51
959 286
189 614
859 271
674 356
625 689
15 71
840 457
641 245
696 796
691 449
390 505
63 936
498 890
50 791
746 341
261 536
606 478
449 967
287 14
351 261
983 850
398 611
987 791
420 477
395 210
469 333
839 457
405 738
968 32
537 759
419 889
987 499
746 463
615 895
945 795
899 428
480 9
944 766
620 323
295 294
72 667
103 69
638 260
62 314
488 782
349 537
118 670
833 552
628 52
808 892
6 974
209 136
713 142
710 109
728 571
335 146
843 55
88 877
249 100
588 146
711 122
33 172
550 152
668 304
841 459
303 795
987 506
147 621
344 410
654 646
244 710
48 130
557 938
784 454
463 155
987 241
431 669
159 272
291 975
650 146
38 743
380 54
248 695
748 399
170 507
460 920
759 77
775 526
487 279
388 248
152 154
216 534
470 123
811 786
232 568
916 927
839 950
960 997
374 509
424 195
765 881
169 502
55 945
345 994
259 195
84 347
315 208
631 412
78 463
997 46
240 310
978 828
867 608
651 123
182 59
927 940
741 406
298 154
675 287
98 722
667 171
441 74
874 674
9 838
113 218
781 458
262 717
625 402
835 276
33 573
281 330
146 638
510 646
791 36
961 999
604 618
598 468
508 373
872 395
772 672
391 715
53 237
924 328
543 104
803 460
905 197
953 356
305 876
797 264
659 277
664 654
275 431
33 541
331 419
493 51
923 644
660 295
88 781
870 170
12 807
60 32
715 788
317 855
95 662
479 316
293 650
853 265
333 497
648 347
519 835
11 186
15 74
552 90
828 930
388 576
517 50
734 803
47 286
797 968
162 513
48 548
715 851
984 831
923 34
556 617
411 898
461 115
91 185
868 957
192 589
581 986
397 691
501 303
517 417
354 10
957 206
251 542
386 19
723 14
549 83
512 982
593 381
727 240
175 107
149 626
749 508
509 864
634 768
77 554
189 259
402 162
512 864
762 354
976 61
511 224
208 156
546 949
885 141
524 842
492 459
656 767
557 195
650 300
158 979
686 828
139 841
883 648
47 129
819 471
355 177
469 720
68 620
701 265
55 534
340 592
38 67
330 27
842 652
971 429
856 415
793 40
478 872
73 841
441 241
925 611
157 390
380 79
42 617
784 867
915 51
104 933
181 369
917 647
837 951
896 327
231 525
106 104
464 972
693 170
829 802
910 254
27 22
666 360
691 612
531 978
921 689
727 695
932 511
779 269
271 883
524 786
132 461
250 606
266 684
364 782
401 945
278 894
6 992
951 240
580 753
115 538
938 75
449 733
988 860
777 646
160 434
728 937
71 366
991 560
914 577
980 635
465 440
895 585
308 905
696 688
317 356
870 530
67 248
524 801
272 979
471 547
110 56
840 686
7 935
36 667
262 62
366 196
888 273
747 828
319 16
907 403
140 208
586 625
48 753
236 592
56 480
124 805
518 446
828 787
803 125
378 862
374 692
253 58
519 910
657 129
23 393
777 294
175 765
760 233
791 451
219 171
325 891
738 511
572 138
10 224
243 816
378 227
946 507
283 542
653 782
564 149
742 902
544 405
38 151
266 96
894 442
85 80
540 138
396 454
5 350
781 755
467 624
484 720
295 858
279 713
968 779
232 971
318 386
663 207
650 434
939 425
334 283
281 306
494 930
19 823
185 318
642 586
664 312
523 261
189 768
328 521
537 988
810 504
123 83
494 619
373 292
170 931
438 263
406 235
728 292
469 979
190 871
39 93
605 987
19 53
908 986
547 825
710 221
60 158
621 604
610 739
203 535
729 72
327 864
126 400
188 184
481 597
168 257
777 885
394 426
470 840
338 158
108 970
600 636
221 965
641 225
530 144
301 272
20 740
784 937
378 778
435 613
350 250
338 67
804 192
799 932
980 839
63 930
631 397
328 505
664 843
133 505
539 989
373 300
908 340
695 340
491 821
841 726
16 137
353 624
289 989
307 736
521 313
606 54
671 950
36 910
834 90
531 916
962 935
497 652
17 281
439 507
297 76
798 601
180 945
373 698
442 91
317 822
882 957
289 117
251 274
300 331
288 613
699 794
607 620
499 82
408 688
1 29
58 859
804 900
988 624
501 187
565 713
172 345
295 612
781 311
670 245
624 387
109 468
438 960
677 931
161 233
137 115
663 339
463 134
672 623
639 897
645 445
657 569
462 15
83 224
95 606
645 754
687 688
3 984
31 442
154 651
702 832
245 889
144 838
569 217
100 568
637 396
380 466
607 498
362 814
143 572
22 267
533 142
393 865
496 839
338 317
514 951
70 318
795 86
88 910
142 600
119 67
97 488
954 523
931 396
124 790
685 531
515 578
14 100
401 164
628 700
111 575
217 338
337 263
264 999
26 875
849 855
95 224
838 971
520 315
600 453
621 827
510 734
605 538
968 219
371 848
66 810
198 121
740 545
459 561
635 480
281 876
280 345
932 370
458 622
979 45
659 189
794 742
928 620
726 710
935 549
577 570
668 181
501 926
409 875
675 683
814 396
406 372
191 665
652 537
575 311
571 844
845 213
72 777
532 584
928 450
132 911
338 845
822 307
142 708
110 991
389 982
29 492
880 497
439 753
883 313
976 110
349 744
134 642
635 324
801 490
690 160
587 912
378 203
495 394
455 225
294 231
381 622
176 450
245 427
251 104
419 80
306 379
837 815
756 37
146 62
70 940
259 215
713 976
2 678
103 509
704 512
78 833
796 997
285 140
777 771
37 197
392 504
288 588
110 92
95 683
623 748
372 645
472 542
195 832
984 915
517 447
907 262
135 110
585 206
200 725
950 998
475 98
540 429
350 169
145 80
758 481
280 963
713 241
33 487
165 669
798 773
798 705
220 919
162 676
725 117
327 305
683 407
193 73
805 260
555 531
937 224
601 141
164 593
839 215
550 723
78 79
489 745
209 633
607 94
597 679
716 339
281 691
74 709
387 961
860 354
1 124
643 954
568 159
228 905
873 401
279 397
30 915
516 280
608 253
282 865
461 571
734 227
449 313
950 269
244 858
565 681
202 520
876 581
541 574
131 99
198 329
639 741
126 787
780 565
83 430
127 241
391 370
538 196
736 478
271 424
300 862
412 187
738 11
472 496
837 784
287 404
94 636
55 832
426 268
203 27
982 348
277 211
661 494
419 277
68 445
333 164
9 507
784 413
269 326
415 619
795 39
526 637
652 175
755 217
895 567
989 679
383 232
599 23
559 808
929 719
430 754
696 129
255 617
791 674
110 331
213 289
121 867
159 424
828 123
600 869
269 338
585 549
566 998
358 424
866 329
799 227
867 874
311 338
643 916
929 945
227 455
339 182
551 368
279 150
397 259
377 754
344 293
375 325
366 866
157 281
572 175
167 760
803 303
83 800
13 723
565 877
624 939
759 460
761 797
726 908
837 594
1000 935
664 679
802 991
995 751
991 965
792 867
811 530
472 545
152 403
922 864
823 791
436 419
527 959
767 778
439 607
110 406
790 602
254 507
111 51
111 940
312 381
988 939
24 104
289 337
617 76
905 355
237 26
653 77
643 922
177 324
484 716
112 478
106 400
160 141
351 94
365 180
851 805
961 553
386 341
219 553
905 307
949 43
411 818
247 231
865 982
10 11
646 54
948 199
735 390
809 152
376 68
716 633
251 825
603 837
641 734
514 70
48 382
920 690
368 737
129 265
517 287
720 681
664 317
22 778
278 853
322 906
731 106
882 352
48 514
672 491
678 865
636 524
929 878
28 988
544 51
676 572
567 167
20 657
971 156
724 507
300 304
511 651
788 610
443 857
760 576
387 568
484 342
481 128
106 978
928 66
445 524
381 995
384 139
904 281
276 990
362 618
651 972
863 778
222 607
14 506
50 999
582 712
821 905
738 98
713 329
346 834
771 871
483 76
357 750
231 112
108 807
276 234
98 363
242 760
454 957
420 657
797 316
567 41
191 631
236 821
26 950
540 660
265 487
531 665
131 584
478 818
867 225
720 468
629 97
59 777
968 730
833 780
509 745
1000 194
687 89
520 897
141 668
2 564
776 468
218 431
496 144
635 868
15 639
858 898
485 342
499 545
981 208
476 759
34 825
862 382
896 437
986 881
330 961
519 78
621 597
700 315
859 117
636 276
554 765
764 312
663 888
607 991
374 164
321 761
231 481
241 597
311 719
489 394
141 78
921 463
171 419
166 378
448 805
238 225
161 70
581 212
540 537
73 126
897 396
896 561
40 534
867 404
310 525
295 958
181 389
932 450
859 851
427 307
156 726
883 753
913 962
316 712
581 688
856 155
501 118
863 575
242 751
973 133
827 690
541 543
187 339
921 663
959 91
322 225
774 311
662 504
524 969
171 290
492 520
571 151
359 495
316 695
184 575
812 339
652 233
582 44
108 181
533 753
282 402
571 914
539 804
503 10
966 427
625 212
294 948
560 951
4 315
99 541
67 931
453 391
183 557
79 426
354 296
452 309
235 277
676 771
764 376
446 900
359 964
951 371
449 627
889 185
771 22
86 718
673 966
371 322
379 498
708 662
963 571
105 188
644 413
472 84
847 682
296 447
999 830
171 552
658 313
231 539
667 274
573 558
209 743
479 315
440 401
310 739
665 92
125 447
845 431
460 39
337 351
377 204
186 63
698 985
756 834
793 252
626 75
779 832
518 929
780 579
39 262
95 711
906 536
253 517
979 162
393 348
127 464
433 983
848 495
439 531
675 430
626 51
875 407
101 966
460 84
97 15
905 991
637 705
601 405
203 68
571 534
543 667
995 236
365 74
987 12
831 575
786 487
732 354
294 526
744 793
898 835
872 323
183 518
695 587
116 664
353 517
71 28
370 770
523 385
626 852
854 854
630 321
529 318
206 315
16 145
583 564
407 564
139 164
924 324
40 313
290 186
213 93
721 776
593 33
342 668
598 153
105 175
184 675
2 296
858 466
510 39
445 434
263 399
640 690
771 843
210 723
526 778
947 787
368 387
399 176
361 506
576 395
123 356
443 392
849 710
111 368
14 765
320 75
236 293
559 169
481 114
149 935
762 382
319 419
760 522
689 485
695 117
970 178
114 347
206 729
558 435
976 151
300 13
348 252
918 262
450 282
691 538
732 527
925 748
96 26
415 764
616 111
563 451
613 774
596 301
190 960
801 879
725 803
299 794
971 866
515 448
479 626
781 187
455 201
316 223
43 466
154 334
709 555
712 710
662 357
73 579
267 814
424 896
358 46
846 486
419 411
93 675
492 896
158 164
354 53
149 812
256 875
296 173
611 438
374 858
139 698
210 631
682 917
604 60
578 994
22 771
21 236
8 921
591 375
916 878
191 725
873 910
622 90
38 682
845 557
27 361
257 588
990 82
846 963
787 735
321 646
490 961
183 321
64 12
303 804
490 546
258 211
591 641
359 371
354 516
1 42
539 459
789 765
32 169
556 616
145 250
410 519
932 325
845 429
979 857
445 750
867 569
50 568
673 808
856 285
519 633
416 698
311 848
911 296
378 948
35 689
206 853
709 780
365 359
471 626
294 657
488 364
928 849
966 334
379 682
978 353
383 771
410 357
376 925
685 908
499 694
618 898
238 469
500 33
569 802
657 722
602 852
254 798
474 821
614 892
544 566
46 847
314 523
47 234
362 588
566 513
779 534
180 301
391 198
78 880
176 937
344 175
771 681
690 863
74 966
753 180
638 178
660 838
296 792
589 626
682 105
85 699
789 721
288 809
80 372
956 768
486 538
217 22
147 806
725 357
285 790
305 721
212 611
270 771
669 824
729 638
479 513
950 313
189 445
144 30
14 979
193 469
593 665
218 941
674 593
423 2
175 653
739 152
56 658
565 199
539 794
824 923
130 827
537 956
545 172
530 509
75 398
220 328
780 691
846 246
926 868
382 315
248 161
534 636
557 768
696 906
114 8
84 671
779 670
895 753
176 267
150 615
587 142
671 541
680 703
460 477
28 882
880 920
156 834
454 964
31 199
156 90
777 696
826 158
91 607
256 764
594 899
226 662
56 744
392 473
576 941
335 191
242 130
223 162
16 906
437 930
550 592
111 613
34 889
932 140
352 998
603 875
930 331
43 334
816 334
190 313
490 229
69 195
700 179
363 501
85 567
702 278
905 533
78 579
940 93
702 80
193 605
427 879
15 733
776 716
397 687
693 543
709 20
773 579
749 276
162 432
245 451
578 94
241 220
268 511
642 66
676 894
376 560
178 415
773 586
656 344
246 625
888 385
962 806
807 590
378 130
492 103
326 785
10 932
468 67
284 1000
204 1
518 723
528 240
454 143
398 802
84 515
681 532
76 263
24 906
76 929
263 304
270 108
244 730
462 84
406 289
714 767
41 79
17 132
651 917
108 716
484 168
158 814
730 3
383 119
27 94
831 476
762 247
748 76
676 547
444 12
126 295
142 273
179 228
217 726
391 586
262 829
832 362
27 957
396 76
762 455
619 488
435 648
299 649
617 367
218 370
353 369
608 440
136 831
992 723
171 312
947 743
287 518
84 161
624 682
778 902
22 584
797 760
574 68
733 794
884 234
324 448
909 788
311 662
450 740
461 738
723 814
280 498
915 620
409 448
546 276
258 72
944 334
334 545
711 191
327 559
299 691
453 719
249 419
423 712
902 611
50 637
462 7
184 263
461 767
387 555
106 815
971 697
898 347
363 206
246 538
849 895
802 863
609 971
344 788
142 179
830 759
730 702
109 522
40 924
623 660
113 677
972 375
949 384
111 463
183 811
660 675
495 251
905 473
516 867
405 903
573 399
387 260
39 258
408 439
139 501
247 373
389 572
754 228
542 15
267 494
315 205
152 349
95 569
759 803
167 818
329 494
581 80
724 525
326 441
520 316
754 20
84 279
134 37
763 767
304 29
544 370
171 310
40 505
615 516
392 768
911 829
493 387
585 501
859 679
7 974
890 320
383 161
923 441
487 310
951 289
849 51
115 411
231 439
585 334
38 217
818 717
767 409
725 343
552 287
513 910
623 509
686 445
607 515
471 363
129 372
21 558
206 734
763 26
55 683
679 835
715 900
453 996
768 576
34 111
390 918
669 203
845 699
5 834
720 436
892 386
697 924
184 581
857 286
511 566
941 604
358 691
274 14
954 175
967 952
481 557
573 196
486 68
690 842
507 586
80 797
761 899
669 490
159 450
371 20
335 764
2 490
886 67
601 421
5 327
326 451
165 76
324 537
628 670
979 418
455 438
473 116
807 379
417 723
199 718
803 900
953 263
134 334
902 976
950 397
695 672
566 645
917 690
925 545
912 62
19 958
759 989
751 831
407 554
550 234
408 755
386 196
776 163
816 15
125 964
722 859
712 888
901 609
663 905
364 11
234 853
476 232
438 316
728 65
542 684
271 799
14 518
822 582
24 36
377 383
176 568
144 125
311 638
324 297
6 296
850 17
324 397
948 281
307 932
160 438
670 890
38 807
662 292
674 1
648 637
67 130
282 656
728 362
197 49
634 83
527 577
130 526
905 403
161 192
228 88
928 53
403 365
168 578
571 635
271 643
470 645
111 759
414 134
44 678
503 88
943 569
603 935
753 915
339 957
998 512
633 503
252 982
597 325
361 570
411 648
176 491
794 827
525 595
68 828
565 821
191 382
446 474
212 781
713 887
230 903
921 450
691 882
815 524
313 551
403 889
982 196
72 610
204 194
687 444
513 572
654 124
783 21
764 184
103 944
39 905
101 847
871 857
632 264
236 373
814 609
196 513
382 851
43 456
537 864
375 835
678 926
542 162
510 768
838 622
833 239
301 471
332 105
548 155
453 717
741 316
8 375
434 403
59 15
306 290
349 936
852 722
228 879
347 210
297 812
982 285
813 189
80 386
510 686
280 727
858 114
93 493
604 42
34 219
884 866
292 181
634 354
845 770
306 926
403 453
775 126
626 455
566 269
788 997
931 591
928 986
586 550
747 367
274 934
127 577
30 384
32 882
269 568
570 310
698 556
437 326
169 75
50 606
725 640
322 772
854 211
607 821
670 401
830 853
553 895
320 849
155 704
795 897
261 767
989 268
17 443
191 466
991 186
386 812
998 815
358 765
362 917
139 660
57 21
329 514
988 17
104 68
491 645
624 621
609 822
786 28
491 345
995 88
354 933
900 988
135 998
116 930
51 30
555 751
650 20
30 689
509 192
123 427
818 596
39 787
185 873
315 598
58 393
25 146
177 906
78 264
570 547
924 880
22 887
618 888
788 848
611 909
23 622
943 215
462 838
63 694
598 208
757 704
390 507
48 712
115 814
641 876
171 176
731 339
989 932
787 829
182 554
300 602
226 928
938 318
110 582
588 873
214 60
265 418
622 847
684 59
126 580
887 67
796 778
336 892
697 28
878 121
248 168
126 278
993 884
319 574
81 665
301 250
568 56
432 641
405 109
462 239
65 446
242 73
699 582
281 696
855 844
503 870
76 161
178 469
447 224
469 98
34 542
353 949
305 149
765 955
178 34
518 959
703 555
82 450
307 403
647 348
564 330
778 909
840 168
960 87
710 122
550 695
460 557
115 588
371 449
890 59
483 159
562 943
963 696
904 240
592 526
229 56
926 872
237 322
414 675
445 347
636 734
980 48
127 286
14 15
831 601
629 57
727 561
42 827
750 283
856 87
822 895
169 856
659 68
742 139
890 81
171 214
929 643
574 489
892 227
466 447
151 833
794 908
61 136
2 69
415 317
175 559
902 262
46 31
622 714
95 671
175 950
617 947
697 545
497 759
194 936
98 916
362 927
907 168
363 833
441 233
803 878
324 376
137 7
349 300
384 717
96 339
224 650
901 73
723 870
36 576
680 644
422 826
711 784
511 134
31 544
39 407
711 984
736 469
148 394
593 182
226 827
149 929
103 173
153 480
246 776
623 82
761 488
512 301
376 599
456 817
375 144
868 793
66 131
791 94
361 194
843 810
378 234
515 102
340 680
302 560
37 779
235 18
573 518
649 302
978 827
704 65
373 437
258 486
561 272
339 686
744 72
320 883
294 588
463 409
382 326
157 787
885 381
143 836
949 119
345 368
371 467
157 475
209 232
29 560
6 661
651 503
275 22
98 923
594 631
639 672
712 563
966 459
157 859
661 306
873 121
501 827
705 224
954 161
335 249
559 973
40 323
37 840
441 708
571 552
939 155
447 857
756 670
623 20
18 388
847 158
873 555
752 251
831 334
60 868
179 847
182 728
304 135
958 932
256 634
771 219
205 745
1000 530
202 779
116 800
301 228
914 674
735 872
34 48
97 161
549 777
229 90
533 544
770 438
417 383
416 342
205 542
703 618
461 533
537 612
294 875
919 294
881 447
786 821
121 202
780 978
488 923
836 224
758 493
488 203
295 105
333 194
517 388
664 273
215 140
799 672
140 372
320 880
136 913
954 7
383 390
885 61
560 370
306 610
577 639
786 278
864 638
515 983
604 668
690 604
312 278
48 919
337 541
146 590
960 780
81 222
723 480
63 626
681 760
623 354
306 306
819 35
577 882
167 173
402 750
374 412
148 2
406 888
241 443
373 389
390 438
200 792
6 910
969 362
574 214
618 525
469 298
193 365
741 92
932 48
375 825
362 469
411 493
361 607
601 229
71 119
593 581
33 53
422 312
908 282
726 895
206 152
55 29
961 772
748 833
765 421
878 116
446 999
483 864
354 326
91 307
966 350
216 598
965 763
251 774
865 214
485 83
323 104
617 525
445 168
739 925
681 280
121 783
715 608
792 911
349 739
750 197
646 579
425 19
398 468
308 853
427 870
865 349
461 820
889 685
456 402
656 488
167 726
569 475
139 572
933 646
448 453
463 187
641 52
256 619
12 328
605 765
962 560
517 543
664 397
126 928
176 231
419 514
753 133
545 509
552 252
832 778
430 36
804 783
650 842
607 737
495 155
657 263
961 714
184 409
178 506
723 45
458 280
14 229
640 661
76 220
376 483
430 592
155 879
774 946
66 419
79 99
761 689
436 977
718 45
840 918
841 530
642 621
912 591
631 304
633 456
369 223
648 558
105 555
346 486
144 521
902 346
945 249
34 812
73 410
819 787
268 467
987 904
766 192
479 727
793 816
383 78
109 913
491 881
409 461
465 802
227 41
482 641
259 198
800 903
736 608
256 214
737 71
418 712
268 146
305 474
728 322
670 675
925 263
871 679
55 887
238 482
857 166
756 488
677 589
992 646
295 285
868 836
483 275
630 840
209 169
619 299
93 248
396 510
55 238
573 511
582 149
605 488
574 107
483 16
979 112
490 496
572 867
627 797
470 591
173 632
815 317
49 152
301 322
787 250
938 131
67 423
221 72
350 939
941 779
895 443
446 144
282 157
534 765
585 472
990 824
842 232
634 377
880 563
527 550
726 307
173 214
508 735
565 928
191 816
919 191
3 809
780 275
103 320
351 169
7 421
391 758
213 902
517 486
201 835
909 746
408 250
784 24
596 154
161 832
533 255
231 600
246 336
990 246
859 974
450 680
109 894
807 354
649 737
931 166
173 448
819 923
222 729
772 462
680 892
985 591
587 546
102 734
38 409
165 513
490 436
553 742
511 750
398 440
958 886
841 766
411 842
374 587
652 976
154 720
431 375
705 29
198 272
709 295
401 184
402 623
545 648
60 129
69 423
348 634
815 509
760 667
47 818
333 869
952 9
898 713
2 579
380 308
904 572
641 44
332 291
295 191
793 993
812 215
937 11
542 136
849 667
585 504
934 512
573 158
122 180
122 754
344 445
181 826
282 430
155 858
884 897
705 279
939 947
548 342
903 573
921 475
584 785
194 443
524 673
417 296
922 568
65 837
683 801
341 836
42 746
379 934
320 280
900 61
177 687
313 91
520 430
749 662
14 665
743 510
842 672
622 229
462 641
597 46
434 563
176 910
487 506
651 611
530 184
142 213
404 170
270 714
327 771
949 253
23 942
36 416
631 60
983 154
413 843
833 313
341 993
962 556
854 821
600 595
111 161
731 421
810 592
4 860
731 269
304 669
158 327
644 418
563 156
900 582
475 84
217 713
691 770
256 988
741 954
366 103
317 659
384 200
107 321
664 949
111 88
31 761
481 681
244 305
870 318
672 553
596 877
635 837
924 337
443 741
742 282
531 350
468 153
653 501
961 886
848 468
792 109
249 354
560 885
93 922
25 860
679 250
800 384
44 919
441 901
15 267
930 423
240 692
289 479
867 351
830 225
450 688
941 960
941 686
188 92
160 452
842 368
8 385
920 650
506 816
281 217
668 113
113 268
21 429
387 336
602 881
782 982
629 698
638 186
820 11
276 997
381 245
160 165
552 13
538 131
108 673
288 226
641 824
461 861
482 751
603 830
139 812
784 845
127 961
258 815
797 200
809 727
587 311
459 959
193 776
779 83
481 740
220 356
989 606
636 234
110 443
564 599
506 405
525 219
853 980
875 845
244 723
705 383
751 521
767 445
448 779
148 913
207 608
965 50
761 719
267 831
688 109
158 13
246 991
893 316
786 175
690 463
516 756
697 78
407 988
854 238
492 650
120 223
326 461
680 320
971 147
677 487
62 495
215 864
654 98
369 24
281 236
689 176
330 899
778 600
190 443
701 27
352 854
145 491
95 419
946 639
657 466
392 869
957 262
8 205
729 216
652 29
209 438
476 105
165 606
364 135
503 640
990 351
774 335
193 151
346 693
920 47
317 388
106 474
492 503
278 683
775 798
156 535
751 842
110 43
710 204
410 97
296 872
788 703
828 322
315 199
588 384
779 766
10 687
45 775
177 107
829 877
131 495
49 754
269 231
289 74
212 27
415 431
627 809
99 164
874 868
799 792
562 153
800 363
924 607
660 70
662 580
951 753
70 61
653 257
655 782
750 982
487 797
850 805
928 184
792 144
559 979
240 179
109 472
548 376
257 33
653 329
298 317
41 439
256 76
477 237
975 307
927 877
885 232
804 821
389 867
833 308
90 557
690 150
473 187
611 629
971 607
707 662
359 394
880 979
536 719
948 456
355 261
759 500
266 517
671 924
682 779
204 835
58 30
423 388
36 231
854 921
251 844
685 154
960 440
281 755
799 959
647 569
442 122
922 510
253 437
486 258
878 908
48 794
314 681
874 434
835 504
453 844
326 558
178 562
130 61
118 541
433 349
489 446
82 689
958 186
236 615
361 851
961 268
941 596
554 530
934 225
226 76
429 215
211 953
853 467
811 807
342 397
585 836
285 513
743 653
653 680
832 276
407 693
548 103
288 18
80 918
465 937
236 631
288 766
661 502
678 204
635 640
142 732
182 123
265 630
371 753
400 83
893 266
36 996
809 930
934 589
372 749
781 733
509 734
393 899
15 938
930 341
734 581
122 543
208 549
751 852
548 890
135 469
504 61
888 394
813 612
42 484
527 828
413 265
312 710
583 2
120 662
179 671
402 786
442 56
580 595
66 337
683 423
708 791
562 649
839 615
476 967
497 285
519 886
291 166
657 879
561 931
66 842
514 916
176 894
305 541
185 990
12 875
690 25
924 776
338 291
815 480
430 524
979 632
723 437
817 446
407 496
585 247
429 450
91 43
938 34
617 738
371 776
468 63
262 266
694 743
42 414
242 278
885 335
649 328
452 943
146 637
636 346
403 254
715 966
661 552
560 483
573 209
920 521
352 422
496 454
5 582
551 808
222 741
257 202
500 383
427 715
317 900
8 991
194 55
957 534
54 385
933 306
84 772
198 206
222 460
937 862
315 814
15 73
149 340
556 418
116 724
602 376
257 56
523 670
423 10
802 839
293 770
958 86
882 30
681 970
985 108
101 855
832 441
263 805
176 599
946 989
946 373
209 604
787 839
691 999
537 548
617 520
705 949
21 917
121 282
619 129
125 848
732 828
611 507
254 421
929 941
904 851
753 29
962 134
220 310
321 327
578 961
684 146
202 598
552 31
991 602
969 737
558 579
484 214
104 627
511 912
802 452
61 378
387 216
15 460
275 436
739 320
698 254
817 265
238 671
63 111
920 754
365 617
561 222
588 455
476 288
657 646
131 691
881 474
808 251
580 128
483 281
582 255
779 614
455 347
953 789
65 880
437 609
206 164
226 951
460 547
754 176
503 100
203 384
585 486
743 929
257 838
124 140
32 583
621 61
408 975
105 914
641 786
22 139
259 698
815 554
179 673
934 233
713 684
411 339
224 901
957 747
857 628
934 578
337 488
960 36
648 116
895 911
550 753
986 558
430 714
673 929
813 597
219 3
298 614
770 636
324 222
125 32
172 691
373 879
327 832
325 604
400 894
461 411
146 83
174 519
647 389
696 418
708 756
460 367
146 282
806 773
165 738
766 544
379 608
13 847
219 877
999 539
564 631
971 549
781 383
297 413
900 68
294 966
668 446
197 694
468 625
965 728
539 485
236 448
404 972
413 577
159 440
983 744
392 374
605 218
319 910
77 897
967 811
508 285
24 805
31 530
898 888
245 507
24 120
244 565
205 973
748 395
432 462
433 53
602 252
256 233
909 236
259 523
860 612
909 888
541 698
724 819
306 261
400 517
870 850
841 65
627 444
58 518
877 434
74 20
220 644
726 911
305 384
194 971
564 528
571 695
148 639
165 937
724 998
925 625
690 670
824 511
734 125
816 905
72 636
899 768
252 62
182 191
396 73
339 332
262 188
539 212
506 791
20 462
728 975
429 485
596 976
673 76
299 951
834 544
24 260
728 675
281 280
626 716
778 863
327 443
645 765
948 325
763 124
162 207
616 71
607 282
508 601
679 350
558 34
43 468
566 509
356 646
107 575
629 798
317 396
770 37
425 305
747 91
618 438
628 287
512 369
753 408
307 324
107 374
532 345
241 720
563 1000
728 498
825 525
966 765
572 210
158 273
478 151
233 386
695 262
950 323
584 200
797 911
663 727
295 474
517 29
464 327
991 770
131 930
452 814
865 314
624 722
52 246
659 784
467 228
690 155
291 103
456 319
253 874
134 827
201 927
543 986
462 861
352 51
901 634
302 698
449 98
67 602
949 870
261 210
251 700
97 556
187 751
163 469
274 501
457 334
488 172
220 702
348 619
190 966
606 566
482 314
882 710
972 212
98 877
696 185
853 960
722 971
737 800
708 262
216 511
74 377
873 725
245 86
147 433
292 866
183 540
164 750
324 818
255 623
896 310
915 817
577 933
817 442
19 830
396 909
445 162
157 58
248 768
970 536
713 925
819 112
826 749
348 268
651 873
613 488
391 899
149 959
519 381
366 17
266 219
607 852
940 613
805 887
429 192
267 525
678 565
757 73
388 402
293 613
359 893
843 972
773 544
381 64
693 142
388 352
950 701
323 535
980 502
27 798
253 710
18 845
5 309
272 434
599 979
586 924
125 675
787 163
994 566
602 831
445 511
184 57
744 205
777 48
646 203
81 539
620 378
776 920
309 14
221 727
409 286
857 441
8 890
513 909
125 479
646 697
382 10
536 593
250 842
498 675
577 246
865 805
644 401
552 605
729 713
895 657
512 295
570 635
777 946
370 171
28 23
515 914
343 834
894 885
100 887
557 376
37 776
117 909
829 548
697 748
69 688
41 372
698 717
795 133
622 754
172 894
58 495
561 569
877 962
538 744
73 107
385 430
335 278
6 324
54 644
745 402
611 542
533 181
295 371
940 873
882 532
790 28
235 450
407 994
138 514
659 362
313 487
776 641
183 788
264 92
602 400
598 679
310 157
545 121
647 418
326 437
4 871
75 920
311 267
788 956
250 940
570 175
666 698
414 361
629 696
757 349
432 483
79 165
480 736
125 412
711 934
865 378
124 199
517 431
132 783
520 553
74 980
294 949
13 799
505 58
371 385
230 268
886 755
145 24
89 752
248 805
830 608
556 466
714 90
307 452
11 767
149 225
929 957
295 202
263 553
318 43
82 850
592 220
565 47
453 138
191 183
975 554
187 818
800 864
391 613
654 558
324 55
414 573
145 317
577 475
303 709
636 500
935 863
905 733
618 636
633 629
782 418
699 326
556 420
562 218
488 387
781 41
413 302
45 314
489 922
726 224
755 341
477 817
150 309
893 935
369 695
855 716
943 927
647 492
969 916
569 585
272 382
362 900
898 189
949 131
29 455
453 234
239 82
857 229
262 389
272 292
697 435
237 875
249 401
373 850
280 240
159 657
981 277
525 532
346 266
153 891
128 573
569 584
730 963
89 786
144 487
655 936
475 208
765 363
625 407
943 457
606 917
4 648
931 584
296 894
914 398
97 680
20 977
224 455
417 192
560 258
124 739
707 724
442 449
945 11
268 356
18 276
382 908
757 708
881 931
863 252
243 580
747 298
597 321
396 774
361 969
372 260
145 704
908 868
868 25
300 315
417 915
182 434
43 857
814 516
963 687
28 430
415 682
475 622
550 849
568 530
908 755
977 721
178 104
983 730
138 33
110 46
715 319
922 829
213 754
836 575
463 526
203 176
751 541
777 147
776 650
741 611
80 101
937 834
351 798
695 79
172 582
815 296
546 242
275 241
443 419
75 568
980 744
985 291
801 990
776 261
762 829
524 524
222 56
26 913
834 313
80 871
964 318
685 996
662 378
992 405
244 105
543 991
249 628
247 228
250 775
628 342
141 945
312 442
625 314
524 452
931 38
689 712
941 140
163 391
179 11
277 892
147 269
291 907
537 952
583 577
639 702
282 412
969 178
166 802
148 507
460 353
643 840
258 484
632 928
687 433
938 53
371 894
736 565
782 414
390 299
498 950
311 994
492 384
759 302
383 843
872 786
60 996
974 354
425 299
336 591
601 236
411 807
148 193
592 311
89 452
380 481
807 525
410 395
125 124
95 69
381 644
972 485
141 244
583 272
730 230
980 376
933 333
502 394
656 966
259 558
842 947
828 726
814 368
100 411
637 960
630 596
899 301
794 894
552 914
503 40
376 165
781 493
532 692
487 928
155 709
315 302
924 503
854 230
466 188
368 51
605 283
156 91
62 875
248 865
719 26
787 515
667 558
588 618
312 441
124 340
646 40
829 849
724 49
500 398
811 325
2 764
185 194
690 47
787 890
827 150
180 647
299 602
160 940
645 135
502 453
108 488
489 941
974 701
327 603
511 822
525 752
745 45
576 884
572 924
328 912
207 153
404 109
534 839
479 283
279 634
579 189
806 426
331 243
356 360
352 230
721 918
647 224
550 411
325 939
87 262
3 503
393 618
282 252
708 891
157 671
320 354
273 438
955 926
978 245
912 610
921 285
5 322
687 970
170 230
564 26
306 113
303 836
920 846
961 664
788 25
44 393
595 935
971 721
516 162
866 286
57 762
31 806
942 935
250 319
826 381
759 821
697 216
180 110
116 457
890 79
513 710
258 54
707 486
348 610
406 441
389 179
619 580
196 947
961 550
14 116
563 647
313 694
556 403
77 209
691 1
338 681
612 417
283 37
577 352
481 568
561 603
555 541
748 159
181 92
869 970
384 297
53 333
891 651
35 770
276 828
559 345
297 472
724 240
171 355
880 43
960 292
271 645
955 379
299 471
216 806
264 171
73 463
392 416
99 880
191 102
269 770
713 292
907 674
763 141
368 954
1000 873
300 820
104 554
239 618
37 130
921 51
35 872
143 4
913 987
301 446
680 544
723 318
143 903
658 382
104 500
434 431
160 465
629 442
886 242
764 753
236 644
32 507
501 711
156 466
477 673
853 993
641 8
645 808
550 299
368 115
936 443
75 639
17 842
151 797
461 141
152 941
324 962
992 936
403 744
357 700
902 181
93 448
471 518
663 927
78 743
428 741
368 454
140 826
825 729
238 713
586 227
681 895
457 962
563 911
228 493
347 876
501 435
286 135
680 639
244 343
502 9
864 358
273 955
634 167
141 927
698 581
480 250
340 685
389 672
159 724
96 994
193 949
90 967
225 583
43 262
538 95
788 976
731 593
802 294
448 916
225 101
828 729
721 147
376 122
539 77
360 426
371 988
525 805
552 553
488 421
758 554
132 477
294 841
398 490
195 174
977 478
513 860
745 453
37 499
707 102
263 33
327 437
470 654
188 919
504 452
617 880
913 638
138 36
331 315
406 710
1 274
579 484
688 880
483 21
401 820
74 918
17 999
594 380
923 865
285 627
715 530
644 211
47 684
318 152
843 774
731 245
204 267
24 93
266 686
157 661
82 514
309 308
192 896
100 12
280 923
401 35
781 282
876 231
589 465
58 472
107 388
764 108
884 834
7 686
749 917
797 244
962 79
648 542
703 119
917 33
856 297
27 265
228 771
971 249
511 176
552 413
193 117
892 719
518 780
58 778
248 741
563 876
730 470
423 21
180 666
151 933
557 488
14 383
46 503
579 531
897 640
552 455
415 176
636 378
570 192
126 448
764 457
539 178
347 185
320 352
276 402
160 75
208 838
709 513
886 358
11 458
461 473
375 998
11 697
695 53
281 197
808 864
578 165
209 999
227 961
452 289
393 628
476 95
669 693
615 230
384 32
743 554
264 632
133 36
923 592
38 542
415 513
907 955
411 930
447 952
49 27
900 76
869 687
559 506
995 147
747 642
253 804
832 794
30 616
573 198
304 772
725 434
782 740
965 24
647 762
599 804
997 94
730 919
215 795
369 444
855 110
13 107
701 320
724 965
211 848
278 125
563 511
77 432
658 598
676 425
133 124
351 48
849 487
269 921
307 126
546 449
804 398
684 890
123 532
317 369
690 566
836 311
106 995
301 800
220 431
129 658
260 928
554 961
503 859
952 797
55 961
710 483
913 208
187 901
164 638
467 271
384 271
191 89
350 4
558 784
199 385
854 926
841 667
127 554
827 18
637 867
738 710
284 739
496 610
67 138
431 399
258 774
6 782
67 952
868 386
964 659
986 114
335 4
431 166
625 289
683 535
143 321
693 151
17 137
825 223
749 949
787 447
75 885
438 872
358 575
76 92
854 263
156 806
94 323
793 641
240 35
823 282
503 766
49 608
900 571
623 439
689 2
388 491
820 743
702 593
324 410
517 143
58 412
481 756
458 644
952 190
417 986
518 967
250 729
685 597
865 540
141 183
851 463
827 5
618 845
757 193
924 545
903 860
424 916
317 271
92 850
218 550
963 602
928 226
809 245
870 18
344 272
210 548
369 625
927 4
647 440
55 603
112 981
886 396
778 359
563 382
840 252
980 701
175 115
943 16
220 240
209 254
20 408
675 68
554 660
704 90
475 508
753 131
490 881
430 258
657 774
939 705
753 485
596 377
232 86
991 152
955 612
44 354
222 27
859 935
618 817
352 217
714 390
884 258
114 922
611 151
128 761
15 147
722 332
467 362
313 672
273 965
285 753
264 146
882 876
741 496
922 624
423 608
472 535
849 445
37 144
296 432
510 44
719 849
882 278
5 879
607 761
804 154
82 64
223 698
274 242
662 2
949 18
133 470
232 465
750 787
217 754
78 198
97 149
446 247
333 40
220 967
307 849
208 507
353 541
303 662
158 631
472 306
398 354
731 318
257 25
799 525
567 961
229 581
322 471
272 454
536 850
145 222
717 881
36 632
490 135
297 533
709 855
862 881
309 773
7 451
371 180
928 537
474 362
964 764
650 36
410 372
757 979
547 326
357 651
373 545
543 652
992 239
306 110
465 152
404 278
869 18
372 819
668 591
47 154
144 111
653 747
922 459
491 845
300 99
82 394
770 828
45 880
959 347
754 262
972 174
127 571
220 300
335 318
968 785
42 975
371 28
537 58
357 37
951 299
157 274
659 818
607 309
417 713
461 491
967 924
655 752
135 518
268 106
25 426
406 827
207 835
834 615
823 841
765 522
853 140
5 182
905 787
45 80
909 840
843 597
328 172
67 797
844 54
813 595
705 924
897 344
115 625
31 551
244 327
205 669
314 843
243 29
362 495
116 927
763 222
751 785
461 328
955 447
277 509
678 136
483 539
491 940
648 60
705 544
246 530
184 857
996 673
59 198
758 760
520 970
167 182
499 774
793 726
335 658
940 11
4 642
439 558
999 196
892 487
333 504
820 813
370 994
932 961
436 712
733 617
920 135
642 860
997 805
242 430
167 618
250 124
128 980
711 460
815 989
638 31
463 586
918 417
830 610
577 903
150 689
625 659
353 933
564 425
883 925
58 818
710 125
219 846
241 356
658 710
29 551
855 524
200 27
335 844
438 965
60 843
682 267
426 673
802 922
923 263
268 525
291 992
876 202
569 885
201 196
968 345
286 868
311 560
805 379
352 569
316 915
461 667
427 836
564 459
491 660
845 116
705 216
894 302
796 547
867 83
324 226
36 644
426 135
781 166
62 847
812 989
612 399
525 905
524 844
420 377
705 616
675 62
265 195
229 69
896 617
785 251
113 783
794 525
320 647
770 656
387 670
65 395
456 167
965 516
489 781
388 645
76 409
367 447
521 819
385 465
415 722
830 793
567 53
602 524
842 418
206 875
247 928
823 575
371 187
901 616
593 138
279 677
854 68
986 692
64 97
932 311
647 364
99 973
679 465
592 344
239 185
954 388
442 38
456 277
486 646
614 451
111 122
434 690
845 43
560 678
329 901
419 499
418 250
578 30
919 973
142 800
188 393
915 33
699 301
941 568
472 77
217 392
86 812
954 368
994 349
461 150
874 929
765 849
41 743
863 486
598 345
610 743
419 302
409 982
245 940
140 198
155 507
412 814
101 654
886 937
334 924
859 622
315 49
33 182
559 997
945 60
298 727
864 237
800 191
210 477
1000 91
258 796
543 390
474 593
414 120
115 275
466 369
172 444
951 157
924 550
573 835
468 848
209 56
950 853
721 454
229 731
595 869
305 656
474 743
431 86
75 552
281 775
494 784
790 48
107 303
821 925
559 545
424 106
271 721
777 458
547 621
556 226
852 690
941 390
569 94
917 963
10 236
238 843
359 110
554 188
378 993
125 55
352 428
615 331
920 414
450 605
805 245
980 212
473 538
306 78
339 972
259 884
164 829
103 964
146 88
547 854
258 819
650 485
354 859
502 505
174 866
755 619
54 188
714 751
852 286
557 443
119 654
562 704
241 526
640 268
909 655
845 818
876 233
7 351
854 725
295 942
437 455
652 881
267 434
461 718
567 294
706 85
272 826
484 450
968 161
234 326
301 641
811 986
603 723
41 660
661 867
992 642
841 262
403 349
902 577
61 335
846 388
51 544
295 157
598 31
450 479
181 593
688 282
818 77
399 780
450 491
974 965
125 435
224 707
233 392
253 605
757 901
167 72
934 591
904 525
922 626
176 484
553 452
568 557
725 397
781 516
898 537
980 899
438 566
927 973
106 204
176 710
580 947
512 238
927 479
530 239
345 277
429 40
801 905
389 604
618 854
931 395
225 135
709 598
226 246
212 407
36 84
783 973
356 810
157 206
232 823
311 377
468 888
716 52
105 367
523 599
42 698
723 843
363 314
75 132
579 672
210 705
583 39
282 10
273 607
766 174
460 751
755 90
972 897
958 674
775 210
375 197
896 964
542 775
856 88
464 876
945 270
320 929
171 444
372 321
137 76
333 461
31 667
842 716
858 985
453 100
22 920
286 51
845 245
381 529
978 526
53 993
24 876
486 893
638 720
477 478
339 367
560 204
433 394
529 720
109 827
764 205
669 37
962 385
697 629
979 266
27 516
67 330
337 715
663 874
953 984
372 187
589 234
212 564
553 480
280 626
68 515
620 732
171 795
233 67
728 98
137 340
281 620
294 276
317 779
331 537
46 752
873 541
730 932
751 544
481 519
211 928
802 133
6 170
868 429
796 621
763 904
14 101
990 429
217 884
811 402
705 813
705 966
51 977
739 838
634 635
545 326
820 20
374 369
871 979
577 237
27 487
301 444
643 274
232 706
178 955
963 442
57 420
2 295
539 221
517 932
538 996
611 457
953 839
474 13
317 736
969 415
261 132
101 87
761 154
565 938
821 918
850 866
100 428
85 250
185 91
971 185
75 315
426 880
539 788
693 582
598 525
460 883
729 874
102 444
17 932
128 183
315 17
86 492
141 417
30 13
706 864
297 915
726 351
178 502
126 920
980 176
536 677
794 800
312 659
784 785
207 985
882 650
57 633
764 231
868 908
405 769
299 331
665 849
305 150
37 32
106 383
614 214
607 441
693 745
957 110
722 345
678 400
704 48
123 215
431 664
528 516
862 483
643 265
526 174
377 703
736 404
601 743
100 956
695 99
937 442
509 971
842 993
903 521
664 97
341 961
154 706
4 633
548 532
105 372
990 654
442 810
875 608
357 500
340 905
583 10
771 93
610 622
692 822
645 929
889 809
654 5
742 576
622 218
814 81
880 554
206 530
784 556
255 738
598 151
529 181
613 756
308 870
570 860
808 777
964 414
640 42
889 429
847 828
937 93
570 185
674 243
148 712
519 395
671 475
253 488
493 192
674 988
918 616
530 618
576 437
400 678
66 830
872 539
12 457
987 96
541 478
748 654
419 169
618 105
767 406
597 702
564 530
997 651
578 747
268 561
427 800
814 585
679 180
993 297
200 160
84 747
279 126
853 86
6 712
196 239
731 192
153 326
813 99
165 512
164 25
208 249
472 356
38 214
436 106
313 430
217 558
303 267
389 486
191 268
378 773
283 950
456 6
5 49
351 801
974 705
732 757
204 37
585 918
730 906
941 380
592 268
7 292
985 738
166 513
508 772
358 881
125 250
212 867
92 709
384 25
449 148
384 44
802 819
198 522
594 525
172 975
750 162
712 151
782 37
22 554
883 85
121 409
194 441
410 880
900 4
402 489
630 20
754 901
903 963
478 546
279 262
940 803
575 395
428 298
90 488
400 854
485 202
174 555
581 529
300 463
794 988
225 988
552 991
951 542
675 323
552 321
627 942
126 592
840 175
235 351
162 850
643 929
441 408
852 553
557 766
174 481
681 246
351 404
206 67
405 259
847 211
229 92
567 929
97 662
757 786
886 415
165 597
697 527
984 542
47 565
938 36
796 489
639 735
841 868
637 274
618 189
50 996
748 826
69 559
365 362
622 515
691 511
538 61
408 797
577 684
350 326
478 804
695 435
229 844
267 716
654 220
950 828
400 668
327 727
331 453
200 372
871 279
177 932
380 359
909 425
251 324
826 216
751 952
352 756
270 62
903 408
966 476
911 677
3 123
199 576
522 262
315 442
742 835
998 194
177 521
654 369
269 962
613 318
574 922
997 155
148 910
375 246
268 734
673 484
362 868
243 275
738 831
908 244
553 527
67 581
734 543
845 264
802 648
230 748
316 656
678 807
343 714
838 240
231 604
428 403
553 248
282 306
4 151
914 630
813 630
658 52
480 902
628 944
497 412
334 548
74 364
440 587
152 855
482 628
525 416
874 850
749 984
478 307
593 59
625 995
950 454
38 829
137 266
223 466
572 882
853 822
960 637
120 763
666 312
960 465
535 642
262 297
835 631
519 199
696 548
407 845
637 471
987 817
665 16
720 804
606 641
694 219
339 565
213 461
58 258
726 570
946 544
253 910
673 934
704 643
100 27
885 149
181 690
21 968
748 720
389 32
893 166
518 738
450 920
891 361
851 829
408 829
29 39
579 779
818 402
605 583
203 368
560 987
991 128
808 486
954 114
475 234
115 982
987 784
551 905
777 343
656 855
708 844
858 199
602 724
408 49
294 906
857 261
620 128
513 234
229 59
558 177
482 572
735 910
835 88
411 440
900 957
896 863
614 5
159 404
689 443
1000 692
936 125
600 248
944 956
819 341
244 923
469 222
186 897
264 546
391 691
477 127
318 222
774 858
870 628
834 357
955 261
970 993
96 901
576 293
526 88
326 940
886 427
591 22
273 366
787 517
118 758
813 260
103 913
87 564
526 194
534 306
983 575
964 634
55 893
316 320
483 165
359 551
525 568
919 801
118 479
925 127
361 610
730 420
303 412
872 82
307 835
818 620
806 655
398 890
263 458
602 696
944 413
443 519
937 242
920 540
372 736
167 893
60 788
530 662
66 251
980 686
975 968
438 54
34 476
736 957
818 146
772 429
308 732
901 741
178 903
501 71
529 967
910 346
529 384
13 356
589 918
179 716
447 571
720 219
27 836
355 707
471 485
236 108
590 906
648 267
452 928
827 469
231 87
811 470
214 189
742 577
520 416
113 319
145 694
12 698
679 866
796 825
963 182
16 209
217 676
628 919
797 744
242 615
221 732
613 19
500 77
354 37
162 242
320 17
253 402
542 911
5 33
454 355
645 421
136 856
798 335
846 847
843 898
739 91
575 939
890 416
636 679
217 642
844 416
977 880
754 32
251 62
977 642
340 314
116 255
389 418
60 392
683 867
214 393
895 12
722 448
368 761
33 831
999 155
479 6
389 436
283 392
976 4
32 389
420 104
3 726
794 985
690 2
742 465
445 758
299 342
416 40
802 611
799 679
415 34
507 96
930 288
652 871
409 68
877 220
852 178
10 586
148 353
574 125
309 229
613 654
453 104
735 704
651 856
308 505
16 991
364 482
989 699
126 67
851 142
289 437
700 312
383 922
161 248
299 742
800 886
433 775
228 796
68 214
668 730
396 298
188 418
528 77
290 73
61 232
46 277
695 705
54 694
979 585
203 823
456 844
361 209
366 603
723 269
38 163
434 486
524 896
724 859
645 853
954 653
673 629
894 550
967 145
871 739
655 904
646 695
758 50
230 777
791 306
643 539
284 79
999 900
456 608
358 839
108 746
60 611
786 72
685 449
21 801
916 487
833 395
738 579
633 566
142 239
76 715
40 620
876 33
904 909
949 70
339 810
166 582
532 435
601 450
478 627
619 742
309 753
506 248
413 844
784 873
246 148
1 812
172 379
655 896
328 999
790 430
626 248
607 298
308 32
931 628
68 100
759 677
439 895
775 428
150 985
754 906
990 574
343 807
952 106
693 567
513 338
554 493
405 504
268 374
122 43
299 272
23 312
387 14
25 802
132 623
103 561
129 586
524 66
694 700
293 780
658 815
803 413
551 762
410 751
930 400
300 591
854 916
262 172
349 769
19 703
122 295
876 863
856 905
723 686
485 813
992 404
239 836
832 578
477 828
436 730
969 608
678 810
762 587
640 995
254 437
745 958
852 667
833 187
748 222
145 737
119 321
599 86
951 298
917 506
58 279
189 153
287 10
960 60
207 50
596 180
226 972
864 354
824 235
93 326
845 103
807 916
854 484
549 459
17 981
404 551
407 296
469 607
257 835
980 941
123 819
62 386
869 251
432 804
629 923
896 172
461 446
29 407
175 808
791 216
789 306
974 276
623 296
475 221
590 719
514 312
255 572
973 311
433 283
829 481
225 544
514 820
692 50
671 879
418 488
962 841
619 73
197 645
870 102
843 541
710 155
930 424
288 806
877 351
145 624
96 740
16 846
385 888
763 725
105 939
890 897
467 453
351 447
46 316
398 977
723 881
716 312
39 543
386 847
228 471
697 516
75 847
21 306
265 812
243 704
53 106
982 63
63 890
851 327
757 886
834 493
184 126
742 940
664 862
206 870
692 148
275 515
112 490
289 623
649 213
826 758
225 293
488 406
788 136
136 511
225 4
813 242
659 910
116 463
858 122
990 476
324 567
341 749
646 933
48 533
943 670
290 76
213 582
31 92
945 140
294 577
444 695
932 735
667 468
683 764
302 963
529 828
506 496
407 725
709 325
470 472
225 368
611 672
912 381
458 207
361 663
725 388
733 318
978 361
710 860
165 163
251 338
450 180
787 310
18 287
883 268
375 206
689 670
802 268
373 914
70 738
218 557
154 260
618 298
39 789
721 637
563 777
688 16
385 391
263 950
364 94
437 458
862 773
403 265
742 684
744 23
720 383
499 561
387 741
46 406
266 605
921 927
863 685
420 767
707 90
182 600
745 165
384 522
292 752
938 235
865 859
11 814
96 757
531 368
940 367
296 956
759 623
228 829
974 400
580 382
509 317
668 829
221 1
897 233
72 902
550 490
582 754
78 300
157 749
942 451
129 830
323 128
915 864
976 106
710 44
748 555
153 204
696 8
213 997
525 574
629 893
380 387
58 586
466 906
104 336
584 877
318 164
245 445
791 948
581 622
929 276
587 837
279 942
156 106
586 43
266 868
82 792
215 631
586 286
506 932
338 309
631 186
852 708
83 319
627 790
450 885
123 437
947 809
761 873
150 71
606 958
934 55
33 586
925 106
626 649
347 329
415 752
162 994
352 749
554 912
862 337
539 849
603 967
551 561
478 583
893 406
374 318
831 917
775 334
326 363
570 900
892 380
740 207
385 130
28 459
157 108
271 756
495 459
780 449
704 610
633 866
411 309
36 114
747 373
872 499
400 537
275 56
755 47
538 756
979 760
937 922
529 558
499 569
735 90
800 244
286 797
6 924
455 221
696 433
384 828
644 663
195 90
929 627
330 450
658 87
636 660
599 786
493 614
197 943
26 333
457 646
783 377
742 955
550 615
710 497
184 31
213 592
720 828
608 326
144 291
653 38
598 559
186 967
847 169
172 980
344 48
170 291
225 675
791 18
62 305
675 998
960 284
956 322
543 870
961 50
775 39
250 346
608 196
465 278
751 797
675 428
342 355
95 418
802 550
860 617
271 624
427 903
579 284
28 28
337 755
382 403
605 266
220 618
823 582
200 344
927 804
457 122
753 186
725 394
406 750
704 644
268 510
922 298
14 176
934 410
873 294
25 311
56 445
343 512
514 876
33 119
15 480
447 937
861 356
40 135
872 272
540 327
537 332
418 294
229 226
45 749
230 651
226 332
293 978
842 739
86 384
37 809
917 313
465 118
801 306
916 868
931 737
544 831
966 613
29 739
347 7
606 963
971 898
344 853
878 921
250 681
950 731
962 794
210 210
156 455
1000 15
720 231
474 955
194 586
521 65
621 803
531 794
62 505
582 591
913 423
260 306
394 428
316 846
167 971
18 235
587 322
937 247
256 190
653 175
314 720
883 574
135 318
299 628
725 989
16 748
844 141
647 179
236 44
176 574
988 928
860 162
901 124
591 96
476 340
780 854
258 843
210 823
350 839
645 58
906 861
658 39
844 503
791 257
21 338
244 199
656 317
614 792
579 819
422 514
659 533
694 355
442 431
896 5
612 611
932 292
222 742
803 577
847 176
611 922
854 249
744 354
94 29
717 571
588 397
270 61
837 898
687 317
80 275
887 423
201 66
185 742
291 870
718 40
672 789
828 356
25 869
44 751
33 18
213 541
253 44
532 56
797 827
862 468
475 547
945 737
950 13
983 831
65 626
820 202
19 341
381 253
813 324
12 935
875 728
380 10
118 677
384 787
370 627
614 97
263 218
738 229
976 794
186 171
892 501
388 417
814 509
601 858
376 387
452 262
412 328
482 332
171 903
143 831
350 633
336 741
233 893
59 881
320 804
626 457
628 57
279 745
376 796
298 276
288 662
934 806
73 314
657 860
10 606
260 695
506 338
459 59
91 684
77 744
698 126
144 707
562 2
773 896
37 342
695 666
140 456
528 604
7 772
582 328
989 153
609 994
838 691
456 247
987 412
886 727
893 480
396 455
190 104
848 536
567 833
391 543
948 642
833 427
349 691
51 435
889 967
143 291
617 753
522 215
2 679
902 430
737 502
466 250
803 740
208 839
619 782
775 209
354 298
285 252
440 903
710 218
229 93
205 353
254 144
577 592
430 151
855 374
865 782
720 551
923 803
295 11
935 978
885 794
506 417
935 280
218 565
605 192
869 322
433 565
268 861
660 690
925 294
689 191
180 786
851 514
375 655
543 115
891 442
557 34
499 185
762 762
821 887
534 592
904 450
189 504
533 131
198 13
257 335
258 90
140 183
475 556
456 252
209 903
635 878
864 402
277 897
242 358
354 737
846 303
779 254
562 337
545 573
380 575
936 694
304 820
738 86
869 658
52 521
991 830
305 868
876 730
463 40
357 946
63 902
156 160
681 40
189 751
384 49
67 981
171 791
942 251
953 289
614 702
450 2
485 574
151 494
532 496
440 393
555 935
188 604
126 849
108 837
291 452
569 987
856 351
747 100
631 478
759 868
830 829
448 486
884 592
883 886
950 165
896 57
327 195
328 361
980 345
257 437
539 526
540 273
230 568
583 798
18 445
223 229
357 187
859 476
361 401
764 487
408 254
228 716
909 149
666 687
338 42
944 317
529 426
712 253
621 338
655 631
488 367
547 952
660 534
