142 483
144 496
196 431
17 319
125 280
7 173
92 491
176 203
20 222
157 215
95 322
73 127
125 455
5 50
125 195
182 489
80 271
135 371
121 184
135 272
29 138
171 265
163 431
84 366
130 451
45 456
99 268
173 236
75 84
138 387
192 284
171 216
197 373
171 450
196 284
85 263
194 450
52 482
186 296
108 199
54 254
56 199
159 315
162 303
20 68
159 320
95 400
53 333
83 180
101 329
96 428
52 119
112 156
121 483
18 51
68 273
126 409
85 314
188 261
9 160
2 173
58 148
86 405
76 119
71 181
139 284
58 411
105 352
70 418
159 174
161 400
141 456
18 76
163 340
70 190
97 418
148 425
15 300
80 104
87 329
102 336
114 343
172 406
45 475
170 495
83 295
118 344
118 367
63 159
182 348
55 312
36 494
42 372
158 361
170 302
150 463
101 306
166 419
56 429
155 370
15 456
146 355
106 139
185 236
169 469
53 440
78 220
151 485
148 339
49 342
166 253
192 472
187 386
111 437
185 493
44 274
11 236
78 258
29 131
186 220
114 116
116 500
95 199
14 113
199 239
83 494
34 352
78 91
186 364
102 340
135 346
25 481
69 91
188 315
132 313
8 182
134 292
50 171
71 311
194 318
195 423
194 356
67 415
139 260
22 478
27 425
134 481
113 126
106 175
59 370
119 194
199 441
32 287
151 164
19 395
107 289
6 220
134 329
170 327
17 373
41 471
198 478
199 229
186 319
5 72
99 229
132 385
56 99
23 495
83 240
187 401
31 312
31 457
73 86
141 393
22 367
114 500
104 465
74 489
64 268
12 80
15 319
128 238
91 418
66 382
163 262
171 269
109 246
157 358
187 478
24 290
178 485
169 322
48 380
37 354
101 417
142 290
93 497
21 84
58 135
101 262
10 280
64 369
190 435
139 302
187 333
26 230
113 287
189 471
48 160
153 402
149 263
19 38
178 296
158 195
159 197
101 236
65 130
55 452
116 334
119 162
181 219
89 366
38 304
109 275
164 414
95 463
24 48
91 433
10 374
163 379
108 127
50 188
152 347
112 456
74 401
151 404
58 269
153 454
197 483
70 110
160 280
140 226
15 311
115 151
160 490
16 341
42 312
190 403
174 467
161 495
74 243
34 278
146 407
89 316
187 275
32 180
198 480
91 157
70 209
114 268
57 75
13 184
191 500
127 471
103 261
157 226
59 82
168 468
38 90
52 210
65 464
42 57
101 483
196 260
194 288
159 474
161 355
11 351
163 260
45 468
188 468
22 344
137 357
129 415
125 220
147 369
193 458
23 368
189 333
74 436
197 386
116 260
8 478
58 65
46 254
24 427
133 251
183 372
145 268
116 433
16 398
195 243
179 209
44 303
151 440
154 355
99 326
82 345
127 454
116 228
185 228
171 343
65 119
150 493
67 180
105 167
135 187
178 414
200 226
193 423
170 254
171 366
136 328
190 354
109 209
149 198
25 404
88 240
198 214
169 269
88 213
169 414
173 248
39 373
53 135
57 266
4 93
39 280
12 153
17 26
80 450
32 60
187 321
60 314
108 433
126 232
4 407
198 273
111 450
169 335
101 376
81 487
122 256
181 413
19 230
173 299
148 325
9 54
90 139
53 232
136 363
95 289
139 383
11 78
184 219
181 264
171 237
55 237
93 154
156 234
151 436
117 476
55 137
51 412
197 241
24 428
64 349
62 192
1 86
137 370
106 430
132 134
87 495
195 300
131 189
109 256
93 258
69 278
181 250
46 387
137 157
191 268
57 101
134 437
83 488
155 408
19 493
37 258
43 214
92 210
11 105
144 464
195 301
43 163
110 342
99 240
26 135
139 339
84 319
102 351
20 258
194 421
94 479
152 155
55 231
52 285
193 224
4 38
125 168
103 200
57 440
113 273
171 321
32 156
17 453
145 347
187 479
21 324
47 496
52 121
89 346
73 144
161 286
4 282
75 238
120 169
189 244
112 308
136 404
172 485
106 171
97 468
58 75
11 288
96 249
10 448
118 247
127 310
1 411
176 328
42 419
183 204
113 396
113 145
91 159
187 237
183 289
6 312
3 209
59 319
56 410
192 384
123 458
89 405
165 314
191 281
54 468
71 130
157 476
80 181
154 188
172 431
86 111
68 290
198 349
79 458
62 166
26 312
189 222
173 402
65 319
99 273
11 406
118 191
82 200
150 413
199 200
7 489
31 218
143 443
121 460
34 132
36 82
136 346
57 407
31 474
130 254
127 333
47 460
22 206
47 278
186 199
198 321
165 362
126 427
6 421
108 236
84 121
39 45
14 357
181 471
151 244
34 244
78 210
65 187
97 403
39 498
37 89
146 465
28 445
55 413
34 111
48 416
58 67
134 214
110 247
178 356
185 466
20 343
55 334
139 299
47 356
102 193
119 211
137 154
130 190
148 384
63 402
153 462
154 294
117 308
97 422
113 495
107 489
136 453
3 38
111 246
53 348
154 417
5 19
130 402
89 248
19 98
68 432
154 280
118 390
124 302
160 245
107 335
99 411
30 186
18 499
32 153
41 165
186 390
60 298
69 174
190 249
90 268
39 121
8 425
123 163
95 447
2 103
38 62
137 454
137 198
177 181
195 232
72 219
114 121
44 259
172 384
192 453
20 388
89 149
197 477
141 334
199 485
87 353
125 212
50 112
114 344
3 87
39 178
65 106
190 317
45 68
186 491
36 468
52 395
130 452
89 423
25 229
79 312
191 338
30 53
170 393
55 330
184 382
179 272
44 208
85 325
33 146
140 353
4 50
79 103
117 158
153 280
109 212
78 389
64 437
194 448
80 379
29 297
127 446
52 87
8 73
21 69
193 497
119 187
177 365
197 271
159 271
148 379
34 360
82 174
195 268
105 452
130 214
61 134
171 308
52 353
61 193
74 318
83 390
184 468
67 383
111 248
62 337
143 185
155 405
27 432
186 246
41 145
191 431
23 341
61 267
26 219
55 384
174 380
112 306
115 165
122 164
84 332
168 207
14 35
21 399
87 483
67 267
139 233
160 266
11 325
94 183
189 252
193 473
125 288
115 200
92 316
142 232
86 433
87 302
46 316
28 57
183 426
104 130
76 467
146 302
121 302
153 471
78 432
138 185
175 435
4 127
159 408
52 276
14 248
20 136
144 231
196 496
77 389
35 347
119 411
11 290
174 202
167 423
11 357
185 374
169 187
131 436
73 237
88 393
103 157
35 335
4 423
34 393
200 467
95 331
92 174
61 146
169 388
71 200
109 170
28 333
200 445
48 170
94 401
173 287
116 460
69 306
27 500
32 93
77 332
92 383
137 456
170 171
145 384
109 343
178 467
35 493
77 493
40 425
18 34
118 359
92 393
164 286
105 388
87 103
185 330
67 239
83 181
164 388
104 167
142 346
89 309
178 483
121 217
107 313
31 128
123 453
41 395
23 439
84 376
73 444
107 453
90 276
195 437
155 486
37 328
40 148
145 202
107 408
37 478
2 187
130 265
101 136
105 489
171 176
20 204
133 360
161 245
43 294
157 354
54 94
183 414
155 336
128 341
122 459
46 260
167 299
69 412
37 337
46 282
31 404
171 500
190 385
19 455
32 425
86 276
50 212
169 342
64 97
37 432
60 226
174 192
36 490
176 486
12 462
168 498
135 254
112 342
15 468
116 484
193 199
135 485
144 438
8 81
10 93
73 146
200 371
166 429
119 406
167 345
131 187
12 274
99 350
30 381
198 467
90 317
195 342
77 443
16 370
65 96
121 354
109 269
167 216
187 403
41 185
151 447
100 476
183 305
113 149
160 460
159 218
108 395
131 206
127 335
200 396
189 428
137 312
51 156
132 214
52 114
64 480
115 440
74 232
96 316
167 449
196 211
59 104
192 376
107 273
39 95
199 310
152 460
62 209
160 386
73 221
57 213
153 382
95 242
153 373
198 407
113 196
182 463
24 224
121 412
161 351
136 138
76 107
73 447
125 408
83 122
168 242
165 418
94 387
47 495
142 347
71 186
172 401
155 219
159 207
29 486
83 412
17 420
76 145
198 436
116 382
144 461
18 154
196 331
70 495
125 399
39 396
122 289
190 256
58 304
195 467
158 291
21 476
65 138
126 297
180 238
132 476
31 350
100 290
66 225
151 284
135 150
62 426
174 273
84 257
80 149
120 427
67 468
8 280
35 285
111 132
167 387
166 179
167 237
118 127
168 227
164 433
133 313
100 460
23 44
72 353
145 257
9 174
13 280
55 136
198 455
2 139
71 328
38 286
11 278
175 399
45 359
51 199
117 140
9 389
85 437
114 216
160 286
194 280
76 446
134 250
153 278
58 104
13 199
9 344
175 487
163 253
175 288
46 67
32 234
106 194
70 333
48 459
15 135
149 410
193 396
13 58
80 148
27 180
126 342
194 465
168 289
31 310
40 455
40 345
149 454
127 461
144 215
36 48
131 481
161 253
185 186
95 165
44 336
41 199
192 309
131 466
73 382
47 171
22 304
151 402
1 466
